   0.0000000000000000        0.0000000000000000        48.000000000000000     
   2.8028028028028028E-002   1.3414960505302416        47.725325319979405     
   5.6056056056056056E-002   2.6752935114302767        47.450650639958809     
   8.4084084084084076E-002   4.0013923827001046        47.175975959938214     
  0.11211211211211211        5.3197926643397260        46.901301279917618     
  0.14014014014014015        6.6304943563491401        46.626626599897023     
  0.16816816816816815        7.9334974587283478        46.351951919876427     
  0.19619619619619619        9.2288019714773490        46.077277239855832     
  0.22422422422422422        10.516407894596142        45.802602559835236     
  0.25225225225225223        11.796315228084730        45.527927879814641     
  0.28028028028028029        13.068523971943110        45.253253199794045     
  0.30830830830830830        14.333034126171283        44.978578519773450     
  0.33633633633633631        15.589845690769248        44.703903839752854     
  0.36436436436436437        16.838958665737007        44.429229159732259     
  0.39239239239239238        18.080373051074559        44.154554479711663     
  0.42042042042042044        19.314088846781907        43.879879799691068     
  0.44844844844844844        20.540106052859045        43.605205119670472     
  0.47647647647647645        21.758424669305978        43.330530439649877     
  0.50450450450450446        22.969044696122701        43.055855759629281     
  0.53253253253253252        24.171966133309219        42.781181079608686     
  0.56056056056056058        25.367188980865532        42.506506399588091     
  0.58858858858858853        26.554713238791635        42.231831719567495     
  0.61661661661661660        27.734538907087533        41.957157039546900     
  0.64464464464464466        28.906665985753222        41.682482359526304     
  0.67267267267267261        30.071094474788705        41.407807679505709     
  0.70070070070070067        31.227824374193982        41.133132999485113     
  0.72872872872872874        32.376855683969055        40.858458319464518     
  0.75675675675675680        33.518188404113914        40.583783639443922     
  0.78478478478478475        34.651822534628572        40.309108959423327     
  0.81281281281281281        35.777758075513020        40.034434279402731     
  0.84084084084084088        36.895995026767260        39.759759599382136     
  0.86886886886886883        38.006533388391297        39.485084919361540     
  0.89689689689689689        39.109373160385125        39.210410239340945     
  0.92492492492492495        40.204514342748745        38.935735559320349     
  0.95295295295295290        41.291956935482162        38.661060879299754     
  0.98098098098098097        42.371700938585370        38.386386199279158     
   1.0090090090090089        43.443746352058369        38.111711519258563     
   1.0370370370370370        44.508093175901166        37.837036839237967     
   1.0650650650650650        45.564741410113754        37.562362159217372     
   1.0930930930930931        46.613691054696133        37.287687479196777     
   1.1211211211211212        47.654942109648303        37.013012799176181     
   1.1491491491491492        48.688494574970271        36.738338119155586     
   1.1771771771771771        49.714348450662030        36.463663439134990     
   1.2052052052052051        50.732503736723579        36.188988759114395     
   1.2332332332332332        51.742960433154927        35.914314079093799     
   1.2612612612612613        52.745718539956066        35.639639399073204     
   1.2892892892892893        53.740778057126995        35.364964719052608     
   1.3173173173173174        54.728138984667723        35.090290039032013     
   1.3453453453453452        55.707801322578241        34.815615359011417     
   1.3733733733733733        56.679765070858551        34.540940678990822     
   1.4014014014014013        57.644030229508658        34.266265998970226     
   1.4294294294294294        58.600596798528557        33.991591318949631     
   1.4574574574574575        59.549464777918246        33.716916638929035     
   1.4854854854854855        60.490634167677733        33.442241958908440     
   1.5135135135135136        61.424104967807011        33.167567278887844     
   1.5415415415415414        62.349877178306080        32.892892598867249     
   1.5695695695695695        63.267950799174940        32.618217918846653     
   1.5975975975975976        64.178325830413598        32.343543238826058     
   1.6256256256256256        65.081002272022047        32.068868558805462     
   1.6536536536536537        65.975980124000287        31.794193878784867     
   1.6816816816816818        66.863259386348318        31.519519198764272     
   1.7097097097097096        67.742840059066154        31.244844518743676     
   1.7377377377377377        68.614722142153781        30.970169838723081     
   1.7657657657657657        69.478905635611198        30.695495158702485     
   1.7937937937937938        70.335390539438407        30.420820478681890     
   1.8218218218218218        71.184176853635407        30.146145798661294     
   1.8498498498498499        72.025264578202197        29.871471118640699     
   1.8778778778778780        72.858653713138779        29.596796438620103     
   1.9059059059059058        73.684344258445165        29.322121758599508     
   1.9339339339339339        74.502336214121343        29.047447078578912     
   1.9619619619619619        75.312629580167311        28.772772398558317     
   1.9899899899899900        76.115224356583070        28.498097718537721     
   2.0180180180180178        76.910120543368620        28.223423038517126     
   2.0460460460460461        77.697318140523961        27.948748358496530     
   2.0740740740740740        78.476817148049108        27.674073678475935     
   2.1021021021021022        79.248617565944045        27.399398998455339     
   2.1301301301301301        80.012719394208773        27.124724318434744     
   2.1581581581581579        80.769122632843292        26.850049638414148     
   2.1861861861861862        81.517827281847602        26.575374958393553     
   2.2142142142142140        82.258833341221703        26.300700278372958     
   2.2422422422422423        82.992140810965594        26.026025598352362     
   2.2702702702702702        83.717749691079291        25.751350918331767     
   2.2982982982982985        84.435659981562779        25.476676238311171     
   2.3263263263263263        85.145871682416058        25.202001558290576     
   2.3543543543543541        85.848384793639127        24.927326878269980     
   2.3823823823823824        86.543199315231988        24.652652198249385     
   2.4104104104104103        87.230315247194639        24.377977518228789     
   2.4384384384384385        87.909732589527096        24.103302838208194     
   2.4664664664664664        88.581451342229343        23.828628158187598     
   2.4944944944944947        89.245471505301381        23.553953478167003     
   2.5225225225225225        89.901793078743211        23.279278798146407     
   2.5505505505505504        90.550416062554831        23.004604118125812     
   2.5785785785785786        91.191340456736242        22.729929438105216     
   2.6066066066066065        91.824566261287444        22.455254758084621     
   2.6346346346346348        92.450093476208451        22.180580078064025     
   2.6626626626626626        93.067922101499249        21.905905398043430     
   2.6906906906906904        93.678052137159838        21.631230718022834     
   2.7187187187187187        94.280483583190218        21.356556038002239     
   2.7467467467467466        94.875216439590389        21.081881357981644     
   2.7747747747747749        95.462250706360351        20.807206677961048     
   2.8028028028028027        96.041586383500118        20.532531997940453     
   2.8308308308308310        96.613223471009675        20.257857317919857     
   2.8588588588588588        97.177161968889024        19.983182637899262     
   2.8868868868868867        97.733401877138164        19.708507957878666     
   2.9149149149149149        98.281943195757094        19.433833277858071     
   2.9429429429429428        98.822785924745816        19.159158597837475     
   2.9709709709709711        99.355930064104342        18.884483917816880     
   2.9989989989989989        99.881375613832660        18.609809237796284     
   3.0270270270270272        100.39912257393077        18.335134557775689     
   3.0550550550550550        100.90917094439867        18.060459877755093     
   3.0830830830830829        101.41152072523636        17.785785197734498     
   3.1111111111111112        101.90617191644384        17.511110517713902     
   3.1391391391391390        102.39312451802111        17.236435837693307     
   3.1671671671671673        102.87237852996819        16.961761157672711     
   3.1951951951951951        103.34393395228506        16.687086477652116     
   3.2232232232232234        103.80779078497171        16.412411797631520     
   3.2512512512512513        104.26394902802816        16.137737117610925     
   3.2792792792792791        104.71240868145441        15.863062437590328     
   3.3073073073073074        105.15316974525044        15.588387757569730     
   3.3353353353353352        105.58623221941627        15.313713077549133     
   3.3633633633633635        106.01159610395190        15.039038397528536     
   3.3913913913913913        106.42926139885732        14.764363717507939     
   3.4194194194194192        106.83922810413253        14.489689037487341     
   3.4474474474474475        107.24149621977753        14.215014357466744     
   3.4754754754754753        107.63606574579232        13.940339677446147     
   3.5035035035035036        108.02293668217690        13.665664997425550     
   3.5315315315315314        108.40210902893129        13.390990317404952     
   3.5595595595595597        108.77358278605547        13.116315637384355     
   3.5875875875875876        109.13735795354944        12.841640957363758     
   3.6156156156156154        109.49343453141320        12.566966277343161     
   3.6436436436436437        109.84181251964675        12.292291597322563     
   3.6716716716716715        110.18249191825009        12.017616917301966     
   3.6996996996996998        110.51547272722323        11.742942237281369     
   3.7277277277277276        110.84075494656616        11.468267557260772     
   3.7557557557557559        111.15833857627889        11.193592877240174     
   3.7837837837837838        111.46822361636141        10.918918197219577     
   3.8118118118118116        111.77041006681372        10.644243517198980     
   3.8398398398398399        112.06489792763583        10.369568837178383     
   3.8678678678678677        112.35168719882772        10.094894157157785     
   3.8958958958958960        112.63077788038942        9.8202194771371882     
   3.9239239239239239        112.90216997232091        9.5455447971165910     
   3.9519519519519517        113.16586347462218        9.2708701170959937     
   3.9799799799799800        113.42185838729326        8.9961954370753965     
   4.0080080080080078        113.67015471033412        8.7215207570547992     
   4.0360360360360357        113.91075244374477        8.4468460770342020     
   4.0640640640640644        114.14365158752521        8.1721713970136047     
   4.0920920920920922        114.36885214167546        7.8974967169930084     
   4.1201201201201201        114.58635410619550        7.6228220369724120     
   4.1481481481481479        114.79615748108533        7.3481473569518156     
   4.1761761761761758        114.99826226634495        7.0734726769312193     
   4.2042042042042045        115.19266846197436        6.7987979969106229     
   4.2322322322322323        115.37937606797357        6.5241233168900266     
   4.2602602602602602        115.55838508434258        6.2494486368694302     
   4.2882882882882880        115.72969551108137        5.9747739568488338     
   4.3163163163163158        115.89330734818996        5.7000992768282375     
   4.3443443443443446        116.04922059566834        5.4254245968076411     
   4.3723723723723724        116.19743525351652        5.1507499167870447     
   4.4004004004004003        116.33795132173448        4.8760752367664484     
   4.4284284284284281        116.47076880032223        4.6014005567458520     
   4.4564564564564568        116.59588768927979        4.3267258767252557     
   4.4844844844844847        116.71330798860714        4.0520511967046593     
   4.5125125125125125        116.82302969830428        3.7773765166840625     
   4.5405405405405403        116.92505281837121        3.5027018366634657     
   4.5685685685685682        117.01937734880794        3.2280271566428689     
   4.5965965965965969        117.10600328961445        2.9533524766222721     
   4.6246246246246248        117.18493064079077        2.6786777966016753     
   4.6526526526526526        117.25615940233688        2.4040031165810785     
   4.6806806806806804        117.31968957425278        2.1293284365604817     
   4.7087087087087083        117.37552115653847        1.8546537565398848     
   4.7367367367367370        117.42365414919395        1.5799790765192880     
   4.7647647647647648        117.46408855221922        1.3053043964986912     
   4.7927927927927927        117.49682436561429        1.0306297164780944     
   4.8208208208208205        117.52186158937916       0.75595503645749762     
   4.8488488488488484        117.53920022351382       0.48128035643690087     
   4.8768768768768771        117.54884026801827       0.20660567641630412     
   4.9049049049049049        117.55078172289251       -6.8069003604292633E-002
   4.9329329329329328        117.54502458813654      -0.34274368362488938     
   4.9609609609609606        117.53156886375037      -0.61741836364548619     
   4.9889889889889893        117.51041454973399      -0.89209304366608300     
   5.0170170170170172        117.48156164608741       -1.1667677236866798     
   5.0450450450450450        117.44501015281062       -1.4414424037072766     
   5.0730730730730729        117.40076006990363       -1.7161170837278734     
   5.1011011011011007        117.34881139736642       -1.9907917637484702     
   5.1291291291291294        117.28916413519900       -2.2654664437690668     
   5.1571571571571573        117.22181828340138       -2.5401411237896636     
   5.1851851851851851        117.14677384197356       -2.8148158038102604     
   5.2132132132132130        117.06403081091553       -3.0894904838308572     
   5.2412412412412408        116.97358919022729       -3.3641651638514540     
   5.2692692692692695        116.87544897990884       -3.6388398438720508     
   5.2972972972972974        116.76961017996018       -3.9135145238926476     
   5.3253253253253252        116.65607279038132       -4.1881892039132440     
   5.3533533533533531        116.53483681117224       -4.4628638839338404     
   5.3813813813813809        116.40590224233297       -4.7375385639544367     
   5.4094094094094096        116.26926908386349       -5.0122132439750331     
   5.4374374374374375        116.12493733576380       -5.2868879239956295     
   5.4654654654654653        115.97290699803391       -5.5615626040162258     
   5.4934934934934931        115.81317807067380       -5.8362372840368222     
   5.5215215215215219        115.64575055368348       -6.1109119640574185     
   5.5495495495495497        115.47062444706297       -6.3855866440780149     
   5.5775775775775776        115.28779975081225       -6.6602613240986113     
   5.6056056056056054        115.09727646493133       -6.9349360041192076     
   5.6336336336336332        114.89905458942019       -7.2096106841398040     
   5.6616616616616620        114.69313412427884       -7.4842853641604004     
   5.6896896896896898        114.47951506950729       -7.7589600441809967     
   5.7177177177177176        114.25819742510552       -8.0336347242015940     
   5.7457457457457455        114.02918119107356       -8.3083094042221912     
   5.7737737737737733        113.79246636741139       -8.5829840842427885     
   5.8018018018018020        113.54805295411902       -8.8576587642633857     
   5.8298298298298299        113.29594095119643       -9.1323334442839830     
   5.8578578578578577        113.03613035864363       -9.4070081243045802     
   5.8858858858858856        112.76862117646063       -9.6816828043251775     
   5.9139139139139143        112.49341340464743       -9.9563574843457747     
   5.9419419419419421        112.21050704320402       -10.231032164366372     
   5.9699699699699700        111.91990209213040       -10.505706844386969     
   5.9979979979979978        111.62159855142657       -10.780381524407566     
   6.0260260260260257        111.31559642109254       -11.055056204428164     
   6.0540540540540544        111.00189570112829       -11.329730884448761     
   6.0820820820820822        110.68049639153384       -11.604405564469358     
   6.1101101101101101        110.35139849230919       -11.879080244489955     
   6.1381381381381379        110.01460200345433       -12.153754924510553     
   6.1661661661661658        109.67010692496926       -12.428429604531150     
   6.1941941941941945        109.31791325685398       -12.703104284551747     
   6.2222222222222223        108.95802099910850       -12.977778964572344     
   6.2502502502502502        108.59043015173280       -13.252453644592942     
   6.2782782782782780        108.21514071472691       -13.527128324613539     
   6.3063063063063058        107.83215268809082       -13.801803004634136     
   6.3343343343343346        107.44146607182451       -14.076477684654733     
   6.3623623623623624        107.04308086592799       -14.351152364675331     
   6.3903903903903903        106.63699707040126       -14.625827044695928     
   6.4184184184184181        106.22321468524433       -14.900501724716525     
   6.4464464464464468        105.80173371045719       -15.175176404737122     
   6.4744744744744747        105.37255414603985       -15.449851084757720     
   6.5025025025025025        104.93567599199230       -15.724525764778317     
   6.5305305305305303        104.49109924831454       -15.999200444798914     
   6.5585585585585582        104.03882391500657       -16.273875124819511     
   6.5865865865865869        103.57884999206840       -16.548549804840107     
   6.6146146146146148        103.11117747950001       -16.823224484860702     
   6.6426426426426426        102.63580637730142       -17.097899164881298     
   6.6706706706706704        102.15273668547263       -17.372573844901893     
   6.6986986986986983        101.66196840401363       -17.647248524922489     
   6.7267267267267270        101.16350153292443       -17.921923204943084     
   6.7547547547547548        100.65733607220501       -18.196597884963680     
   6.7827827827827827        100.14347202185539       -18.471272564984275     
   6.8108108108108105        99.621909381875554       -18.745947245004871     
   6.8388388388388384        99.092648152265525       -19.020621925025466     
   6.8668668668668671        98.555688333025287       -19.295296605046062     
   6.8948948948948949        98.011029924154840       -19.569971285066657     
   6.9229229229229228        97.458672925654184       -19.844645965087253     
   6.9509509509509506        96.898617337523319       -20.119320645107848     
   6.9789789789789793        96.330863159762245       -20.393995325128444     
   7.0070070070070072        95.755410392370976       -20.668670005149039     
   7.0350350350350350        95.172259035349498       -20.943344685169635     
   7.0630630630630629        94.581409088697811       -21.218019365190230     
   7.0910910910910907        93.982860552415914       -21.492694045210825     
   7.1191191191191194        93.376613426503809       -21.767368725231421     
   7.1471471471471473        92.762667710961495       -22.042043405252016     
   7.1751751751751751        92.141023405788971       -22.316718085272612     
   7.2032032032032030        91.511680510986253       -22.591392765293207     
   7.2312312312312308        90.874639026553325       -22.866067445313803     
   7.2592592592592595        90.229898952490188       -23.140742125334398     
   7.2872872872872874        89.577460288796843       -23.415416805354994     
   7.3153153153153152        88.917323035473288       -23.690091485375589     
   7.3433433433433430        88.249487192519524       -23.964766165396185     
   7.3713713713713709        87.573952759935565       -24.239440845416780     
   7.3993993993993996        86.890719737721398       -24.514115525437376     
   7.4274274274274275        86.199788125877021       -24.788790205457971     
   7.4554554554554553        85.501157924402435       -25.063464885478567     
   7.4834834834834831        84.794829133297640       -25.338139565499162     
   7.5115115115115119        84.080801752562635       -25.612814245519758     
   7.5395395395395397        83.359075782197422       -25.887488925540353     
   7.5675675675675675        82.629651222202014       -26.162163605560949     
   7.5955955955955954        81.892528072576397       -26.436838285581544     
   7.6236236236236232        81.147706333320571       -26.711512965602140     
   7.6516516516516520        80.395186004434535       -26.986187645622735     
   7.6796796796796798        79.634967085918291       -27.260862325643330     
   7.7077077077077076        78.867049577771837       -27.535537005663926     
   7.7357357357357355        78.091433479995189       -27.810211685684521     
   7.7637637637637633        77.308118792588331       -28.084886365705117     
   7.7917917917917920        76.517105515551265       -28.359561045725712     
   7.8198198198198199        75.718393648883989       -28.634235725746308     
   7.8478478478478477        74.911983192586504       -28.908910405766903     
   7.8758758758758756        74.097874146658810       -29.183585085787499     
   7.9039039039039034        73.276066511100908       -29.458259765808094     
   7.9319319319319321        72.446560285912810       -29.732934445828690     
   7.9599599599599600        71.609355471094503       -30.007609125849285     
   7.9879879879879878        70.764452066645987       -30.282283805869881     
   8.0160160160160157        69.911850072567262       -30.556958485890476     
   8.0440440440440444        69.051549488858328       -30.831633165911072     
   8.0720720720720713        68.183550315519184       -31.106307845931667     
   8.1001001001001001        67.307852552549846       -31.380982525952263     
   8.1281281281281288        66.424456199950299       -31.655657205972858     
   8.1561561561561557        65.533361257720543       -31.930331885993454     
   8.1841841841841845        64.634567725860578       -32.205006566014049     
   8.2122122122122114        63.728075604370403       -32.479681246034644     
   8.2402402402402402        62.813884893250027       -32.754355926055240     
   8.2682682682682689        61.891995592499441       -33.029030606075835     
   8.2962962962962958        60.962407702118647       -33.303705286096431     
   8.3243243243243246        60.025121222107650       -33.578379966117026     
   8.3523523523523515        59.080136152466444       -33.853054646137622     
   8.3803803803803802        58.127452493195030       -34.127729326158217     
   8.4084084084084090        57.167070244293413       -34.402404006178813     
   8.4364364364364359        56.198989405761587       -34.677078686199408     
   8.4644644644644647        55.223209977599552       -34.951753366220004     
   8.4924924924924916        54.239731959807308       -35.226428046240599     
   8.5205205205205203        53.248555352384862       -35.501102726261195     
   8.5485485485485491        52.249680155332207       -35.775777406281790     
   8.5765765765765760        51.243106368649343       -36.050452086302386     
   8.6046046046046047        50.228833992336277       -36.325126766322981     
   8.6326326326326317        49.206863026393002       -36.599801446343577     
   8.6606606606606604        48.177193470819518       -36.874476126364172     
   8.6886886886886892        47.139825325615831       -37.149150806384768     
   8.7167167167167161        46.094758590781936       -37.423825486405363     
   8.7447447447447448        45.041993266317832       -37.698500166425958     
   8.7727727727727736        43.981529352223525       -37.973174846446554     
   8.8008008008008005        42.913366848499010       -38.247849526467149     
   8.8288288288288292        41.837505755144285       -38.522524206487745     
   8.8568568568568562        40.753946072159351       -38.797198886508340     
   8.8848848848848849        39.662687799544216       -39.071873566528936     
   8.9129129129129137        38.563730937298871       -39.346548246549531     
   8.9409409409409406        37.457075485423317       -39.621222926570127     
   8.9689689689689693        36.342721443917561       -39.895897606590722     
   8.9969969969969963        35.220668812781597       -40.170572286611318     
   9.0250250250250250        34.090917592015423       -40.445246966631913     
   9.0530530530530537        32.953467781619047       -40.719921646652509     
   9.0810810810810807        31.808319381592462       -40.994596326673104     
   9.1091091091091094        30.655472391935671       -41.269271006693700     
   9.1371371371371364        29.494926812648671       -41.543945686714295     
   9.1651651651651651        28.326682643731466       -41.818620366734891     
   9.1931931931931938        27.150739885184052       -42.093295046755486     
   9.2212212212212208        25.967098537006432       -42.367969726776082     
   9.2492492492492495        24.775758599198607       -42.642644406796677     
   9.2772772772772765        23.576720071760572       -42.917319086817272     
   9.3053053053053052        22.369982954692333       -43.191993766837868     
   9.3333333333333339        21.155547247993887       -43.466668446858463     
   9.3613613613613609        19.933412951665233       -43.741343126879059     
   9.3893893893893896        18.703580065706372       -44.016017806899654     
   9.4174174174174166        17.466048590117303       -44.290692486920250     
   9.4454454454454453        16.220818524898029       -44.565367166940845     
   9.4734734734734740        14.967889870048548       -44.840041846961441     
   9.5015015015015010        13.707262625568861       -45.114716526982036     
   9.5295295295295297        12.438936791458966       -45.389391207002632     
   9.5575575575575566        11.162912367718864       -45.664065887023227     
   9.5855855855855854        9.8791893543485543       -45.938740567043823     
   9.6136136136136141        8.5877677513480393       -46.213415247064418     
   9.6416416416416411        7.2886475587173170       -46.488089927085014     
   9.6696696696696698        5.9818287764563873       -46.762764607105609     
   9.6976976976976967        4.6673114045652513       -47.037439287126205     
   9.7257257257257255        3.3450954430439079       -47.312113967146800     
   9.7537537537537542        2.0151808918923577       -47.586788647167396     
   9.7817817817817811       0.67756775111060041       -47.861463327187991     
   9.8098098098098099      -0.66774397930136331       -48.136138007208586     
   9.8378378378378386       -2.0207542993435341       -48.410812687229182     
   9.8658658658658656       -3.3814632090159118       -48.685487367249777     
   9.8938938938938943       -4.7498707083184968       -48.960162047270373     
   9.9219219219219212       -6.1259767972512877       -49.234836727290968     
   9.9499499499499500       -7.5097814758142860       -49.509511407311564     
   9.9779779779779787       -8.9012847440074907       -49.784186087332159     
   10.006006006006006       -10.300486601830903       -50.058860767352755     
   10.034034034034034       -11.707387049284522       -50.333535447373350     
   10.062062062062061       -13.121986086368349       -50.608210127393946     
   10.090090090090090       -14.544283713082381       -50.882884807414541     
   10.118118118118119       -15.974279929426620       -51.157559487435137     
   10.146146146146146       -17.411974735401067       -51.432234167455732     
   10.174174174174174       -18.857368131005721       -51.706908847476328     
   10.202202202202201       -20.310460116240581       -51.981583527496923     
   10.230230230230230       -21.771250691105649       -52.256258207517519     
   10.258258258258259       -23.239739855600924       -52.530932887538114     
   10.286286286286286       -24.715927609726403       -52.805607567558710     
   10.314314314314315       -26.199813953482092       -53.080282247579305     
   10.342342342342342       -27.691398886867987       -53.354956927599900     
   10.370370370370370       -29.190682409884086       -53.629631607620496     
   10.398398398398399       -30.697664522530395       -53.904306287641091     
   10.426426426426426       -32.212345224806910       -54.178980967661687     
   10.454454454454455       -33.734724516713634       -54.453655647682282     
   10.482482482482482       -35.264802398250559       -54.728330327702878     
   10.510510510510510       -36.802578869417694       -55.003005007723473     
   10.538538538538539       -38.348053930215038       -55.277679687744069     
   10.566566566566566       -39.901227580642590       -55.552354367764664     
   10.594594594594595       -41.462099820700345       -55.827029047785260     
   10.622622622622622       -43.030670650388309       -56.101703727805855     
   10.650650650650650       -44.606940069706482       -56.376378407826451     
   10.678678678678679       -46.190908078654857       -56.651053087847046     
   10.706706706706706       -47.782574677233441       -56.925727767867642     
   10.734734734734735       -49.381939865442234       -57.200402447888237     
   10.762762762762762       -50.989003643281229       -57.475077127908833     
   10.790790790790791       -52.603766010750434       -57.749751807929428     
   10.818818818818819       -54.226226967849847       -58.024426487950024     
   10.846846846846846       -55.856386514579462       -58.299101167970619     
   10.874874874874875       -57.494244650939287       -58.573775847991215     
   10.902902902902904       -59.139801376929320       -58.848450528011810     
   10.930930930930931       -60.793056692549555       -59.123125208032405     
   10.958958958958959       -62.454010597800000       -59.397799888053001     
   10.986986986986986       -64.122663092680654       -59.672474568073596     
   11.015015015015015       -65.799014177191509       -59.947149248094192     
   11.043043043043044       -67.483063851332574       -60.221823928114787     
   11.071071071071071       -69.174812115103848       -60.496498608135383     
   11.099099099099099       -70.874258968505330       -60.771173288155978     
   11.127127127127126       -72.581404411537022       -61.045847968176574     
   11.155155155155155       -74.296248444198909       -61.320522648197169     
   11.183183183183184       -76.018791066491005       -61.595197328217765     
   11.211211211211211       -77.749032278413310       -61.869872008238360     
   11.239239239239240       -79.486972079965824       -62.144546688258956     
   11.267267267267266       -81.232610471148547       -62.419221368279551     
   11.295295295295295       -82.985947451961479       -62.693896048300147     
   11.323323323323324       -84.746983022404621       -62.968570728320742     
   11.351351351351351       -86.515717182477957       -63.243245408341338     
   11.379379379379380       -88.292149932181502       -63.517920088361933     
   11.407407407407407       -90.076281271515256       -63.792594768382529     
   11.435435435435435       -91.868111200479220       -64.067269448403124     
   11.463463463463464       -93.667639719073392       -64.341944128423719     
   11.491491491491491       -95.474866827297774       -64.616618808444315     
   11.519519519519520       -97.289792525152365       -64.891293488464910     
   11.547547547547547       -99.112416812637150       -65.165968168485506     
   11.575575575575575       -100.94273968975214       -65.440642848506101     
   11.603603603603604       -102.78076115649735       -65.715317528526697     
   11.631631631631631       -104.62648121287276       -65.989992208547292     
   11.659659659659660       -106.47989985887838       -66.264666888567888     
   11.687687687687687       -108.34101709451421       -66.539341568588483     
   11.715715715715715       -110.20983291978024       -66.814016248609079     
   11.743743743743744       -112.08634733467647       -67.088690928629674     
   11.771771771771771       -113.97056033920292       -67.363365608650270     
   11.799799799799800       -115.86247193335957       -67.638040288670865     
   11.827827827827829       -117.76208211714643       -67.912714968691461     
   11.855855855855856       -119.66939089056351       -68.187389648712056     
   11.883883883883884       -121.58439825361079       -68.462064328732652     
   11.911911911911911       -123.50710420628826       -68.736739008753247     
   11.939939939939940       -125.43750874859595       -69.011413688773843     
   11.967967967967969       -127.37561188053384       -69.286088368794438     
   11.995995995995996       -129.32141360210193       -69.560763048815033     
   12.024024024024024       -131.27491391330022       -69.835437728835629     
   12.052052052052051       -133.23611281412875       -70.110112408856224     
   12.080080080080080       -135.20501030458746       -70.384787088876820     
   12.108108108108109       -137.18160638467640       -70.659461768897415     
   12.136136136136136       -139.16590105439553       -70.934136448918011     
   12.164164164164164       -141.15789431374486       -71.208811128938606     
   12.192192192192191       -143.15758616272441       -71.483485808959202     
   12.220220220220220       -145.16497660133416       -71.758160488979797     
   12.248248248248249       -147.18006562957413       -72.032835169000393     
   12.276276276276276       -149.20285324744430       -72.307509849020988     
   12.304304304304305       -151.23333945494468       -72.582184529041584     
   12.332332332332332       -153.27152425207527       -72.856859209062179     
   12.360360360360360       -155.31740763883604       -73.131533889082775     
   12.388388388388389       -157.37098961522705       -73.406208569103370     
   12.416416416416416       -159.43227018124824       -73.680883249123966     
   12.444444444444445       -161.50124933689966       -73.955557929144561     
   12.472472472472472       -163.57792708218128       -74.230232609165157     
   12.500500500500500       -165.66230341709311       -74.504907289185752     
   12.528528528528529       -167.75437834163515       -74.779581969206347     
   12.556556556556556       -169.85415185580737       -75.054256649226943     
   12.584584584584585       -171.96162395960982       -75.328931329247538     
   12.612612612612612       -174.07679465304247       -75.603606009268134     
   12.640640640640640       -176.19966393610534       -75.878280689288729     
   12.668668668668669       -178.33023180879840       -76.152955369309325     
   12.696696696696696       -180.46849827112169       -76.427630049329920     
   12.724724724724725       -182.61446332307517       -76.702304729350516     
   12.752752752752752       -184.76812696465885       -76.976979409371111     
   12.780780780780781       -186.92948919587275       -77.251654089391707     
   12.808808808808809       -189.09855001671684       -77.526328769412302     
   12.836836836836836       -191.27530942719116       -77.801003449432898     
   12.864864864864865       -193.45976742729567       -78.075678129453493     
   12.892892892892894       -195.65192401703038       -78.350352809474089     
   12.920920920920921       -197.85177919639531       -78.625027489494684     
   12.948948948948949       -200.05933296539044       -78.899702169515280     
   12.976976976976976       -202.27458532401579       -79.174376849535875     
   13.005005005005005       -204.49753627227133       -79.449051529556471     
   13.033033033033034       -206.72818581015710       -79.723726209577066     
   13.061061061061061       -208.96653393767306       -79.998400889597661     
   13.089089089089089       -211.21258065481922       -80.273075569618257     
   13.117117117117116       -213.46632596159560       -80.547750249638852     
   13.145145145145145       -215.72776985800218       -80.822424929659448     
   13.173173173173174       -217.99691234403898       -81.097099609680043     
   13.201201201201201       -220.27375341970597       -81.371774289700639     
   13.229229229229230       -222.55829308500319       -81.646448969721234     
   13.257257257257256       -224.85053133993060       -81.921123649741830     
   13.285285285285285       -227.15046818448820       -82.195798329762425     
   13.313313313313314       -229.45810361867603       -82.470473009783021     
   13.341341341341341       -231.77343764249406       -82.745147689803616     
   13.369369369369370       -234.09647025594231       -83.019822369824212     
   13.397397397397397       -236.42720145902075       -83.294497049844807     
   13.425425425425425       -238.76563125172939       -83.569171729865403     
   13.453453453453454       -241.11175963406825       -83.843846409885998     
   13.481481481481481       -243.46558660603731       -84.118521089906594     
   13.509509509509510       -245.82711216763659       -84.393195769927189     
   13.537537537537537       -248.19633631886606       -84.667870449947785     
   13.565565565565565       -250.57325905972576       -84.942545129968380     
   13.593593593593594       -252.95788039021565       -85.217219809988975     
   13.621621621621621       -255.35020031033574       -85.491894490009571     
   13.649649649649650       -257.75021882008605       -85.766569170030166     
   13.677677677677677       -260.15793591946658       -86.041243850050762     
   13.705705705705705       -262.57335160847731       -86.315918530071357     
   13.733733733733734       -264.99646588711823       -86.590593210091953     
   13.761761761761761       -267.42727875538935       -86.865267890112548     
   13.789789789789790       -269.86579021329067       -87.139942570133144     
   13.817817817817817       -272.31200026082223       -87.414617250153739     
   13.845845845845846       -274.76590889798399       -87.689291930174335     
   13.873873873873874       -277.22751612477595       -87.963966610194930     
   13.901901901901901       -279.69682194119810       -88.238641290215526     
   13.929929929929930       -282.17382634725050       -88.513315970236121     
   13.957957957957959       -284.65852934293309       -88.787990650256717     
   13.985985985985986       -287.15093092824588       -89.062665330277312     
   14.014014014014014       -289.65103110318887       -89.337340010297908     
   14.042042042042041       -292.15882986776205       -89.612014690318503     
   14.070070070070070       -294.67432722196548       -89.886689370339099     
   14.098098098098099       -297.19752316579911       -90.161364050359694     
   14.126126126126126       -299.72841769926293       -90.436038730380290     
   14.154154154154154       -302.26701082235695       -90.710713410400885     
   14.182182182182181       -304.81330253508116       -90.985388090421480     
   14.210210210210210       -307.36729283743563       -91.260062770442076     
   14.238238238238239       -309.92898172942029       -91.534737450462671     
   14.266266266266266       -312.49836921103514       -91.809412130483267     
   14.294294294294295       -315.07545528228019       -92.084086810503862     
   14.322322322322321       -317.66023994315549       -92.358761490524458     
   14.350350350350350       -320.25272319366098       -92.633436170545053     
   14.378378378378379       -322.85290503379667       -92.908110850565649     
   14.406406406406406       -325.46078546356256       -93.182785530586244     
   14.434434434434435       -328.07636448295864       -93.457460210606840     
   14.462462462462462       -330.69964209198497       -93.732134890627435     
   14.490490490490490       -333.33061829064150       -94.006809570648031     
   14.518518518518519       -335.96929307892822       -94.281484250668626     
   14.546546546546546       -338.61566645684513       -94.556158930689222     
   14.574574574574575       -341.26973842439224       -94.830833610709817     
   14.602602602602602       -343.93150898156961       -95.105508290730413     
   14.630630630630630       -346.60097812837716       -95.380182970751008     
   14.658658658658659       -349.27814586481492       -95.654857650771604     
   14.686686686686686       -351.96301219088286       -95.929532330792199     
   14.714714714714715       -354.65557710658101       -96.204207010812794     
   14.742742742742742       -357.35584061190940       -96.478881690833390     
   14.770770770770770       -360.06380270686799       -96.753556370853985     
   14.798798798798799       -362.77946339145677       -97.028231050874581     
   14.826826826826826       -365.50282266567575       -97.302905730895176     
   14.854854854854855       -368.23388052952498       -97.577580410915772     
   14.882882882882884       -370.97263698300441       -97.852255090936367     
   14.910910910910911       -373.71909202611403       -98.126929770956963     
   14.938938938938939       -376.47324565885384       -98.401604450977558     
   14.966966966966966       -379.23509788122385       -98.676279130998154     
   14.994994994994995       -382.00464869322411       -98.950953811018749     
   15.023023023023024       -384.78189809485457       -99.225628491039345     
   15.051051051051051       -387.56684608611522       -99.500303171059940     
   15.079079079079079       -390.35949266700607       -99.774977851080536     
   15.107107107107106       -393.15983783752711       -100.04965253110113     
   15.135135135135135       -395.96788159767840       -100.32432721112173     
   15.163163163163164       -398.78362394745989       -100.59900189114232     
   15.191191191191191       -401.60706488687157       -100.87367657116292     
   15.219219219219219       -404.43820441591345       -101.14835125118351     
   15.247247247247246       -407.27704253458552       -101.42302593120411     
   15.275275275275275       -410.12357924288784       -101.69770061122470     
   15.303303303303304       -412.97781454082036       -101.97237529124530     
   15.331331331331331       -415.83974842838307       -102.24704997126589     
   15.359359359359360       -418.70938090557598       -102.52172465128649     
   15.387387387387387       -421.58671197239914       -102.79639933130709     
   15.415415415415415       -424.47174162885250       -103.07107401132768     
   15.443443443443444       -427.36446987493605       -103.34574869134828     
   15.471471471471471       -430.26489671064979       -103.62042337136887     
   15.499499499499500       -433.17302213599373       -103.89509805138947     
   15.527527527527527       -436.08884615096792       -104.16977273141006     
   15.555555555555555       -439.01236875557231       -104.44444741143066     
   15.583583583583584       -441.94358994980689       -104.71912209145125     
   15.611611611611611       -444.88250973367167       -104.99379677147185     
   15.639639639639640       -447.82912810716664       -105.26847145149245     
   15.667667667667667       -450.78344507029186       -105.54314613151304     
   15.695695695695695       -453.74546062304728       -105.81782081153364     
   15.723723723723724       -456.71517476543289       -106.09249549155423     
   15.751751751751751       -459.69258749744870       -106.36717017157483     
   15.779779779779780       -462.67769881909470       -106.64184485159542     
   15.807807807807807       -465.67050873037095       -106.91651953161602     
   15.835835835835836       -468.67101723127740       -107.19119421163661     
   15.863863863863864       -471.67922432181405       -107.46586889165721     
   15.891891891891891       -474.69513000198089       -107.74054357167780     
   15.919919919919920       -477.71873427177798       -108.01521825169840     
   15.947947947947949       -480.75003713120526       -108.28989293171900     
   15.975975975975976       -483.78903858026274       -108.56456761173959     
   16.004004004004003       -486.83573861895042       -108.83924229176019     
   16.032032032032031       -489.89013724726829       -109.11391697178078     
   16.060060060060060       -492.95223446521641       -109.38859165180138     
   16.088088088088089       -496.02203027279472       -109.66326633182197     
   16.116116116116117       -499.09952467000323       -109.93794101184257     
   16.144144144144143       -502.18471765684194       -110.21261569186316     
   16.172172172172171       -505.27760923331084       -110.48729037188376     
   16.200200200200200       -508.37819939940999       -110.76196505190435     
   16.228228228228229       -511.48648815513934       -111.03663973192495     
   16.256256256256258       -514.60247550049894       -111.31131441194555     
   16.284284284284283       -517.72616143548873       -111.58598909196614     
   16.312312312312311       -520.85754596010872       -111.86066377198674     
   16.340340340340340       -523.99662907435891       -112.13533845200733     
   16.368368368368369       -527.14341077823929       -112.41001313202793     
   16.396396396396398       -530.29789107174986       -112.68468781204852     
   16.424424424424423       -533.46006995489063       -112.95936249206912     
   16.452452452452452       -536.62994742766159       -113.23403717208971     
   16.480480480480480       -539.80752349006275       -113.50871185211031     
   16.508508508508509       -542.99279814209410       -113.78338653213090     
   16.536536536536538       -546.18577138375576       -114.05806121215150     
   16.564564564564563       -549.38644321504762       -114.33273589217210     
   16.592592592592592       -552.59481363596967       -114.60741057219269     
   16.620620620620620       -555.81088264652192       -114.88208525221329     
   16.648648648648649       -559.03465024670436       -115.15675993223388     
   16.676676676676678       -562.26611643651700       -115.43143461225448     
   16.704704704704703       -565.50528121595983       -115.70610929227507     
   16.732732732732732       -568.75214458503285       -115.98078397229567     
   16.760760760760760       -572.00670654373607       -116.25545865231626     
   16.788788788788789       -575.26896709206960       -116.53013333233686     
   16.816816816816818       -578.53892623003333       -116.80480801235746     
   16.844844844844843       -581.81658395762724       -117.07948269237805     
   16.872872872872872       -585.10194027485136       -117.35415737239865     
   16.900900900900901       -588.39499518170567       -117.62883205241924     
   16.928928928928929       -591.69574867819017       -117.90350673243984     
   16.956956956956958       -595.00420076430487       -118.17818141246043     
   16.984984984984983       -598.32035144004976       -118.45285609248103     
   17.013013013013012       -601.64420070542485       -118.72753077250162     
   17.041041041041041       -604.97574856043013       -119.00220545252222     
   17.069069069069069       -608.31499500506573       -119.27688013254281     
   17.097097097097098       -611.66194003933151       -119.55155481256341     
   17.125125125125123       -615.01658366322749       -119.82622949258401     
   17.153153153153152       -618.37892587675367       -120.10090417260460     
   17.181181181181181       -621.74896667991004       -120.37557885262520     
   17.209209209209209       -625.12670607269661       -120.65025353264579     
   17.237237237237238       -628.51214405511337       -120.92492821266639     
   17.265265265265263       -631.90528062716032       -121.19960289268698     
   17.293293293293292       -635.30611578883747       -121.47427757270758     
   17.321321321321321       -638.71464954014493       -121.74895225272817     
   17.349349349349350       -642.13088188108259       -122.02362693274877     
   17.377377377377378       -645.55481281165044       -122.29830161276936     
   17.405405405405403       -648.98644233184848       -122.57297629278996     
   17.433433433433432       -652.42577044167672       -122.84765097281056     
   17.461461461461461       -655.87279714113515       -123.12232565283115     
   17.489489489489490       -659.32752243022378       -123.39700033285175     
   17.517517517517518       -662.78994630894260       -123.67167501287234     
   17.545545545545547       -666.26006877729162       -123.94634969289294     
   17.573573573573572       -669.73788983527083       -124.22102437291353     
   17.601601601601601       -673.22340948288036       -124.49569905293413     
   17.629629629629630       -676.71662772012007       -124.77037373295472     
   17.657657657657658       -680.21754454698998       -125.04504841297532     
   17.685685685685687       -683.72615996349009       -125.31972309299591     
   17.713713713713712       -687.24247396962039       -125.59439777301651     
   17.741741741741741       -690.76648656538089       -125.86907245303711     
   17.769769769769770       -694.29819775077158       -126.14374713305770     
   17.797797797797799       -697.83760752579246       -126.41842181307830     
   17.825825825825827       -701.38471589044354       -126.69309649309889     
   17.853853853853852       -704.93952284472493       -126.96777117311949     
   17.881881881881881       -708.50202838863652       -127.24244585314008     
   17.909909909909910       -712.07223252217830       -127.51712053316068     
   17.937937937937939       -715.65013524535027       -127.79179521318127     
   17.965965965965967       -719.23573655815244       -128.06646989320188     
   17.993993993993993       -722.82903646058480       -128.34114457322249     
   18.022022022022021       -726.43003495264736       -128.61581925324310     
   18.050050050050050       -730.03873203434011       -128.89049393326371     
   18.078078078078079       -733.65512770566306       -129.16516861328432     
   18.106106106106107       -737.27922196661632       -129.43984329330493     
   18.134134134134133       -740.91101481719977       -129.71451797332554     
   18.162162162162161       -744.55050625741342       -129.98919265334615     
   18.190190190190190       -748.19769628725726       -130.26386733336676     
   18.218218218218219       -751.85258490673129       -130.53854201338737     
   18.246246246246248       -755.51517211583553       -130.81321669340798     
   18.274274274274273       -759.18545791456995       -131.08789137342859     
   18.302302302302301       -762.86344230293457       -131.36256605344920     
   18.330330330330330       -766.54912528092939       -131.63724073346981     
   18.358358358358359       -770.24250684855451       -131.91191541349042     
   18.386386386386388       -773.94358700580983       -132.18659009351103     
   18.414414414414413       -777.65236575269535       -132.46126477353164     
   18.442442442442442       -781.36884308921105       -132.73593945355225     
   18.470470470470470       -785.09301901535696       -133.01061413357286     
   18.498498498498499       -788.82489353113306       -133.28528881359347     
   18.526526526526528       -792.56446663653935       -133.55996349361408     
   18.554554554554553       -796.31173833157584       -133.83463817363469     
   18.582582582582582       -800.06670861624252       -134.10931285365530     
   18.610610610610610       -803.82937749053940       -134.38398753367591     
   18.638638638638639       -807.59974495446659       -134.65866221369652     
   18.666666666666668       -811.37781100802397       -134.93333689371713     
   18.694694694694693       -815.16357565121154       -135.20801157373774     
   18.722722722722722       -818.95703888402932       -135.48268625375835     
   18.750750750750750       -822.75820070647728       -135.75736093377895     
   18.778778778778779       -826.56706111855544       -136.03203561379956     
   18.806806806806808       -830.38362012026380       -136.30671029382017     
   18.834834834834833       -834.20787771160235       -136.58138497384078     
   18.862862862862862       -838.03983389257110       -136.85605965386139     
   18.890890890890891       -841.87948866317015       -137.13073433388200     
   18.918918918918919       -845.72684202339940       -137.40540901390261     
   18.946946946946948       -849.58189397325884       -137.68008369392322     
   18.974974974974973       -853.44464451274848       -137.95475837394383     
   19.003003003003002       -857.31509364186832       -138.22943305396444     
   19.031031031031031       -861.19324136061834       -138.50410773398505     
   19.059059059059059       -865.07908766899857       -138.77878241400566     
   19.087087087087088       -868.97263256700899       -139.05345709402627     
   19.115115115115113       -872.87387605464960       -139.32813177404688     
   19.143143143143142       -876.78281813192052       -139.60280645406749     
   19.171171171171171       -880.69945879882164       -139.87748113408810     
   19.199199199199199       -884.62379805535295       -140.15215581410871     
   19.227227227227228       -888.55583590151446       -140.42683049412932     
   19.255255255255253       -892.49557233730616       -140.70150517414993     
   19.283283283283282       -896.44300736272805       -140.97617985417054     
   19.311311311311311       -900.39814097778014       -141.25085453419115     
   19.339339339339340       -904.36097318246243       -141.52552921421176     
   19.367367367367368       -908.33150397677491       -141.80020389423237     
   19.395395395395393       -912.30973336071770       -142.07487857425298     
   19.423423423423422       -916.29566133429068       -142.34955325427359     
   19.451451451451451       -920.28928789749386       -142.62422793429420     
   19.479479479479480       -924.29061305032724       -142.89890261431481     
   19.507507507507508       -928.29963679279081       -143.17357729433542     
   19.535535535535537       -932.31635912488457       -143.44825197435603     
   19.563563563563562       -936.34078004660853       -143.72292665437664     
   19.591591591591591       -940.37289955796268       -143.99760133439725     
   19.619619619619620       -944.41271765894703       -144.27227601441786     
   19.647647647647648       -948.46023434956169       -144.54695069443846     
   19.675675675675677       -952.51544962980654       -144.82162537445907     
   19.703703703703702       -956.57836349968159       -145.09630005447968     
   19.731731731731731       -960.64897595918683       -145.37097473450029     
   19.759759759759760       -964.72728700832226       -145.64564941452090     
   19.787787787787789       -968.81329664708790       -145.92032409454151     
   19.815815815815817       -972.90700487548372       -146.19499877456212     
   19.843843843843842       -977.00841169350974       -146.46967345458273     
   19.871871871871871       -981.11751710116596       -146.74434813460334     
   19.899899899899900       -985.23432109845248       -147.01902281462395     
   19.927927927927929       -989.35882368536920       -147.29369749464456     
   19.955955955955957       -993.49102486191612       -147.56837217466517     
   19.983983983983983       -997.63092462809323       -147.84304685468578     
   20.012012012012011       -1001.7785229839005       -148.11772153470639     
   20.040040040040040       -1005.9338199293380       -148.39239621472700     
   20.068068068068069       -1010.0968154644057       -148.66707089474761     
   20.096096096096097       -1014.2675095891036       -148.94174557476822     
   20.124124124124123       -1018.4459023034317       -149.21642025478883     
   20.152152152152151       -1022.6319936073900       -149.49109493480944     
   20.180180180180180       -1026.8257835009786       -149.76576961483005     
   20.208208208208209       -1031.0272719841973       -150.04044429485066     
   20.236236236236238       -1035.2364590570462       -150.31511897487127     
   20.264264264264263       -1039.4533447195254       -150.58979365489188     
   20.292292292292291       -1043.6779289716349       -150.86446833491249     
   20.320320320320320       -1047.9102118133744       -151.13914301493310     
   20.348348348348349       -1052.1501932447443       -151.41381769495371     
   20.376376376376378       -1056.3978732657442       -151.68849237497432     
   20.404404404404403       -1060.6532518763745       -151.96316705499493     
   20.432432432432432       -1064.9163290766348       -152.23784173501554     
   20.460460460460460       -1069.1871048665255       -152.51251641503615     
   20.488488488488489       -1073.4655792460462       -152.78719109505676     
   20.516516516516518       -1077.7517522151973       -153.06186577507737     
   20.544544544544543       -1082.0456237739786       -153.33654045509797     
   20.572572572572572       -1086.3471939223900       -153.61121513511858     
   20.600600600600600       -1090.6564626604318       -153.88588981513919     
   20.628628628628629       -1094.9734299881036       -154.16056449515980     
   20.656656656656658       -1099.2980959054057       -154.43523917518041     
   20.684684684684683       -1103.6304604123379       -154.70991385520102     
   20.712712712712712       -1107.9705235089004       -154.98458853522163     
   20.740740740740740       -1112.3182851950930       -155.25926321524224     
   20.768768768768769       -1116.6737454709159       -155.53393789526285     
   20.796796796796798       -1121.0369043363689       -155.80861257528346     
   20.824824824824823       -1125.4077617914522       -156.08328725530407     
   20.852852852852852       -1129.7863178361658       -156.35796193532468     
   20.880880880880881       -1134.1725724705095       -156.63263661534529     
   20.908908908908909       -1138.5665256944835       -156.90731129536590     
   20.936936936936938       -1142.9681775080876       -157.18198597538651     
   20.964964964964963       -1147.3775279113220       -157.45666065540712     
   20.992992992992992       -1151.7945769041864       -157.73133533542773     
   21.021021021021021       -1156.2193244866812       -158.00601001544834     
   21.049049049049049       -1160.6517706588061       -158.28068469546895     
   21.077077077077078       -1165.0919154205612       -158.55535937548956     
   21.105105105105103       -1169.5397587719467       -158.83003405551017     
   21.133133133133132       -1173.9953007129623       -159.10470873553078     
   21.161161161161161       -1178.4585412436081       -159.37938341555139     
   21.189189189189189       -1182.9294803638841       -159.65405809557200     
   21.217217217217218       -1187.4081180737903       -159.92873277559261     
   21.245245245245243       -1191.8944543733267       -160.20340745561322     
   21.273273273273272       -1196.3884892624933       -160.47808213563383     
   21.301301301301301       -1200.8902227412900       -160.75275681565444     
   21.329329329329330       -1205.3996548097170       -161.02743149567505     
   21.357357357357358       -1209.9167854677744       -161.30210617569566     
   21.385385385385383       -1214.4416147154618       -161.57678085571627     
   21.413413413413412       -1218.9741425527795       -161.85145553573687     
   21.441441441441441       -1223.5143689797274       -162.12613021575748     
   21.469469469469470       -1228.0622939963055       -162.40080489577809     
   21.497497497497498       -1232.6179176025137       -162.67547957579870     
   21.525525525525524       -1237.1812397983522       -162.95015425581931     
   21.553553553553552       -1241.7522605838208       -163.22482893583992     
   21.581581581581581       -1246.3309799589197       -163.49950361586053     
   21.609609609609610       -1250.9173979236489       -163.77417829588114     
   21.637637637637638       -1255.5115144780082       -164.04885297590175     
   21.665665665665667       -1260.1133296219978       -164.32352765592236     
   21.693693693693692       -1264.7228433556174       -164.59820233594297     
   21.721721721721721       -1269.3400556788674       -164.87287701596358     
   21.749749749749750       -1273.9649665917475       -165.14755169598419     
   21.777777777777779       -1278.5975760942579       -165.42222637600480     
   21.805805805805807       -1283.2378841863983       -165.69690105602541     
   21.833833833833832       -1287.8858908681691       -165.97157573604602     
   21.861861861861861       -1292.5415961395702       -166.24625041606663     
   21.889889889889890       -1297.2050000006013       -166.52092509608724     
   21.917917917917919       -1301.8761024512628       -166.79559977610785     
   21.945945945945947       -1306.5549034915543       -167.07027445612846     
   21.973973973973973       -1311.2414031214762       -167.34494913614907     
   22.002002002002001       -1315.9356013410281       -167.61962381616968     
   22.030030030030030       -1320.6374981502104       -167.89429849619029     
   22.058058058058059       -1325.3470935490227       -168.16897317621090     
   22.086086086086087       -1330.0643875374653       -168.44364785623151     
   22.114114114114113       -1334.7893801155383       -168.71832253625212     
   22.142142142142141       -1339.5220712832413       -168.99299721627273     
   22.170170170170170       -1344.2624610405746       -169.26767189629334     
   22.198198198198199       -1349.0105493875380       -169.54234657631395     
   22.226226226226228       -1353.7663363241318       -169.81702125633456     
   22.254254254254253       -1358.5298218503556       -170.09169593635517     
   22.282282282282281       -1363.3010059662097       -170.36637061637578     
   22.310310310310310       -1368.0798886716939       -170.64104529639638     
   22.338338338338339       -1372.8664699668084       -170.91571997641699     
   22.366366366366368       -1377.6607498515532       -171.19039465643760     
   22.394394394394393       -1382.4627283259281       -171.46506933645821     
   22.422422422422422       -1387.2724053899333       -171.73974401647882     
   22.450450450450450       -1392.0897810435686       -172.01441869649943     
   22.478478478478479       -1396.9148552868342       -172.28909337652004     
   22.506506506506508       -1401.7476281197298       -172.56376805654065     
   22.534534534534533       -1406.5880995422558       -172.83844273656126     
   22.562562562562562       -1411.4362695544119       -173.11311741658187     
   22.590590590590590       -1416.2921381561982       -173.38779209660248     
   22.618618618618619       -1421.1557053476149       -173.66246677662309     
   22.646646646646648       -1426.0269711286617       -173.93714145664370     
   22.674674674674673       -1430.9059354993387       -174.21181613666431     
   22.702702702702702       -1435.7925984596459       -174.48649081668492     
   22.730730730730730       -1440.6869600095833       -174.76116549670553     
   22.758758758758759       -1445.5890201491509       -175.03584017672614     
   22.786786786786788       -1450.4987788783487       -175.31051485674675     
   22.814814814814813       -1455.4162361971767       -175.58518953676736     
   22.842842842842842       -1460.3413921056349       -175.85986421678797     
   22.870870870870871       -1465.2742466037234       -176.13453889680858     
   22.898898898898899       -1470.2147996914421       -176.40921357682919     
   22.926926926926928       -1475.1630513687910       -176.68388825684980     
   22.954954954954953       -1480.1190016357700       -176.95856293687041     
   22.982982982982982       -1485.0826504923793       -177.23323761689102     
   23.011011011011011       -1490.0539979386187       -177.50791229691163     
   23.039039039039039       -1495.0330439744885       -177.78258697693224     
   23.067067067067068       -1500.0197885999883       -178.05726165695285     
   23.095095095095093       -1505.0142318151184       -178.33193633697346     
   23.123123123123122       -1510.0163736198788       -178.60661101699407     
   23.151151151151151       -1515.0262140142693       -178.88128569701468     
   23.179179179179179       -1520.0437529982901       -179.15596037703529     
   23.207207207207208       -1525.0689905719410       -179.43063505705589     
   23.235235235235233       -1530.1019267352222       -179.70530973707650     
   23.263263263263262       -1535.1425614881334       -179.97998441709711     
   23.291291291291291       -1540.1908948306750       -180.25465909711772     
   23.319319319319320       -1545.2469267628467       -180.52933377713833     
   23.347347347347348       -1550.3106572846486       -180.80400845715894     
   23.375375375375373       -1555.3820863960809       -181.07868313717955     
   23.403403403403402       -1560.4612140971433       -181.35335781720016     
   23.431431431431431       -1565.5480403878360       -181.62803249722077     
   23.459459459459460       -1570.6425652681587       -181.90270717724138     
   23.487487487487488       -1575.7447887381118       -182.17738185726199     
   23.515515515515514       -1580.8547107976949       -182.45205653728260     
   23.543543543543542       -1585.9723314469084       -182.72673121730321     
   23.571571571571571       -1591.0976506857519       -183.00140589732382     
   23.599599599599600       -1596.2306685142257       -183.27608057734443     
   23.627627627627628       -1601.3713849323299       -183.55075525736504     
   23.655655655655657       -1606.5197999400641       -183.82542993738565     
   23.683683683683682       -1611.6759135374286       -184.10010461740626     
   23.711711711711711       -1616.8397257244233       -184.37477929742687     
   23.739739739739740       -1622.0112365010482       -184.64945397744748     
   23.767767767767769       -1627.1904458673032       -184.92412865746809     
   23.795795795795797       -1632.3773538231885       -185.19880333748870     
   23.823823823823822       -1637.5719603687039       -185.47347801750931     
   23.851851851851851       -1642.7742655038496       -185.74815269752992     
   23.879879879879880       -1647.9842692286256       -186.02282737755053     
   23.907907907907909       -1653.2019715430317       -186.29750205757114     
   23.935935935935937       -1658.4273724470681       -186.57217673759175     
   23.963963963963963       -1663.6604719407346       -186.84685141761236     
   23.991991991991991       -1668.9012700240314       -187.12152609763297     
   24.020020020020020       -1674.1497666969583       -187.39620077765358     
   24.048048048048049       -1679.4059619595155       -187.67087545767419     
   24.076076076076077       -1684.6698558117027       -187.94555013769480     
   24.104104104104103       -1689.9414482535203       -188.22022481771540     
   24.132132132132131       -1695.2207392849680       -188.49489949773601     
   24.160160160160160       -1700.5077289060459       -188.76957417775662     
   24.188188188188189       -1705.8024171167542       -189.04424885777723     
   24.216216216216218       -1711.1048039170926       -189.31892353779784     
   24.244244244244243       -1716.4148893070612       -189.59359821781845     
   24.272272272272271       -1721.7326732866600       -189.86827289783906     
   24.300300300300300       -1727.0581558558890       -190.14294757785967     
   24.328328328328329       -1732.3913370147482       -190.41762225788028     
   24.356356356356358       -1737.7322167632376       -190.69229693790089     
   24.384384384384383       -1743.0807951013571       -190.96697161792150     
   24.412412412412412       -1748.4370720291070       -191.24164629794211     
   24.440440440440440       -1753.8010475464871       -191.51632097796272     
   24.468468468468469       -1759.1727216534973       -191.79099565798333     
   24.496496496496498       -1764.5520943501378       -192.06567033800394     
   24.524524524524523       -1769.9391656364085       -192.34034501802455     
   24.552552552552552       -1775.3339355123094       -192.61501969804516     
   24.580580580580580       -1780.7364039778404       -192.88969437806577     
   24.608608608608609       -1786.1465710330017       -193.16436905808638     
   24.636636636636638       -1791.5644366777931       -193.43904373810699     
   24.664664664664663       -1796.9900009122148       -193.71371841812760     
   24.692692692692692       -1802.4232637362668       -193.98839309814821     
   24.720720720720720       -1807.8642251499489       -194.26306777816882     
   24.748748748748749       -1813.3128851532613       -194.53774245818943     
   24.776776776776778       -1818.7692437462038       -194.81241713821004     
   24.804804804804803       -1824.2333009287765       -195.08709181823065     
   24.832832832832832       -1829.7050567009794       -195.36176649825126     
   24.860860860860861       -1835.1845110628126       -195.63644117827187     
   24.888888888888889       -1840.6716640142758       -195.91111585829248     
   24.916916916916918       -1846.1665155553694       -196.18579053831309     
   24.944944944944943       -1851.6690656860933       -196.46046521833370     
   24.972972972972972       -1857.1793144064472       -196.73513989835430     
   25.001001001001001       -1862.6972617164315       -197.00981457837491     
   25.029029029029029       -1868.2229076160459       -197.28448925839552     
   25.057057057057058       -1873.7562521052905       -197.55916393841613     
   25.085085085085083       -1879.2972951841653       -197.83383861843674     
   25.113113113113112       -1884.8460368526703       -198.10851329845735     
   25.141141141141141       -1890.4024771108054       -198.38318797847796     
   25.169169169169169       -1895.9666159585709       -198.65786265849857     
   25.197197197197198       -1901.5384533959666       -198.93253733851918     
   25.225225225225223       -1907.1179894229924       -199.20721201853979     
   25.253253253253252       -1912.7052240396486       -199.48188669856040     
   25.281281281281281       -1918.3001572459348       -199.75656137858101     
   25.309309309309310       -1923.9027890418513       -200.03123605860162     
   25.337337337337338       -1929.5131194273979       -200.30591073862223     
   25.365365365365363       -1935.1311484025748       -200.58058541864284     
   25.393393393393392       -1940.7568759673818       -200.85526009866345     
   25.421421421421421       -1946.3903021218191       -201.12993477868406     
   25.449449449449450       -1952.0314268658867       -201.40460945870467     
   25.477477477477478       -1957.6802501995844       -201.67928413872528     
   25.505505505505504       -1963.3367721229124       -201.95395881874589     
   25.533533533533532       -1969.0009926358705       -202.22863349876650     
   25.561561561561561       -1974.6729117384589       -202.50330817878711     
   25.589589589589590       -1980.3525294306774       -202.77798285880772     
   25.617617617617618       -1986.0398457125261       -203.05265753882833     
   25.645645645645647       -1991.7348605840050       -203.32733221884894     
   25.673673673673672       -1997.4375740451142       -203.60200689886955     
   25.701701701701701       -2003.1479860958536       -203.87668157889016     
   25.729729729729730       -2008.8660967362232       -204.15135625891077     
   25.757757757757759       -2014.5919059662231       -204.42603093893138     
   25.785785785785787       -2020.3254137858530       -204.70070561895199     
   25.813813813813812       -2026.0666201951133       -204.97538029897260     
   25.841841841841841       -2031.8155251940036       -205.25005497899321     
   25.869869869869870       -2037.5721287825243       -205.52472965901381     
   25.897897897897899       -2043.3364309606750       -205.79940433903442     
   25.925925925925927       -2049.1084317284558       -206.07407901905503     
   25.953953953953953       -2054.8881310858669       -206.34875369907564     
   25.981981981981981       -2060.6755290329083       -206.62342837909625     
   26.010010010010010       -2066.4706255695801       -206.89810305911686     
   26.038038038038039       -2072.2734206958821       -207.17277773913747     
   26.066066066066067       -2078.0839144118140       -207.44745241915808     
   26.094094094094093       -2083.9021067173762       -207.72212709917869     
   26.122122122122121       -2089.7279976125687       -207.99680177919930     
   26.150150150150150       -2095.5615870973916       -208.27147645921991     
   26.178178178178179       -2101.4028751718442       -208.54615113924052     
   26.206206206206208       -2107.2518618359272       -208.82082581926113     
   26.234234234234233       -2113.1085470896405       -209.09550049928174     
   26.262262262262261       -2118.9729309329841       -209.37017517930235     
   26.290290290290290       -2124.8450133659580       -209.64484985932296     
   26.318318318318319       -2130.7247943885618       -209.91952453934357     
   26.346346346346348       -2136.6122740007959       -210.19419921936418     
   26.374374374374373       -2142.5074522026603       -210.46887389938479     
   26.402402402402402       -2148.4103289941550       -210.74354857940540     
   26.430430430430430       -2154.3209043752795       -211.01822325942601     
   26.458458458458459       -2160.2391783460344       -211.29289793944662     
   26.486486486486488       -2166.1651509064195       -211.56757261946723     
   26.514514514514513       -2172.0988220564350       -211.84224729948784     
   26.542542542542542       -2178.0401917960808       -212.11692197950845     
   26.570570570570570       -2183.9892601253564       -212.39159665952906     
   26.598598598598599       -2189.9460270442623       -212.66627133954967     
   26.626626626626628       -2195.9104925527986       -212.94094601957028     
   26.654654654654653       -2201.8826566509651       -213.21562069959089     
   26.682682682682682       -2207.8625193387616       -213.49029537961150     
   26.710710710710710       -2213.8500806161883       -213.76497005963211     
   26.738738738738739       -2219.8453404832453       -214.03964473965272     
   26.766766766766768       -2225.8482989399326       -214.31431941967332     
   26.794794794794793       -2231.8589559862503       -214.58899409969393     
   26.822822822822822       -2237.8773116221978       -214.86366877971454     
   26.850850850850851       -2243.9033658477756       -215.13834345973515     
   26.878878878878879       -2249.9371186629837       -215.41301813975576     
   26.906906906906908       -2255.9785700678221       -215.68769281977637     
   26.934934934934933       -2262.0277200622904       -215.96236749979698     
   26.962962962962962       -2268.0845686463890       -216.23704217981759     
   26.990990990990991       -2274.1491158201179       -216.51171685983820     
   27.019019019019019       -2280.2213615834771       -216.78639153985881     
   27.047047047047048       -2286.3013059364666       -217.06106621987942     
   27.075075075075073       -2292.3889488790860       -217.33574089990003     
   27.103103103103102       -2298.4842904113357       -217.61041557992064     
   27.131131131131131       -2304.5873305332157       -217.88509025994125     
   27.159159159159159       -2310.6980692447260       -218.15976493996186     
   27.187187187187188       -2316.8165065458661       -218.43443961998247     
   27.215215215215213       -2322.9426424366366       -218.70911430000308     
   27.243243243243242       -2329.0764769170373       -218.98378898002369     
   27.271271271271271       -2335.2180099870684       -219.25846366004430     
   27.299299299299300       -2341.3672416467298       -219.53313834006491     
   27.327327327327328       -2347.5241718960210       -219.80781302008552     
   27.355355355355353       -2353.6888007349426       -220.08248770010613     
   27.383383383383382       -2359.8611281634944       -220.35716238012674     
   27.411411411411411       -2366.0411541816766       -220.63183706014735     
   27.439439439439440       -2372.2288787894886       -220.90651174016796     
   27.467467467467468       -2378.4243019869309       -221.18118642018857     
   27.495495495495494       -2384.6274237740035       -221.45586110020918     
   27.523523523523522       -2390.8382441507065       -221.73053578022979     
   27.551551551551551       -2397.0567631170397       -222.00521046025040     
   27.579579579579580       -2403.2829806730028       -222.27988514027101     
   27.607607607607608       -2409.5168968185963       -222.55455982029162     
   27.635635635635634       -2415.7585115538200       -222.82923450031223     
   27.663663663663662       -2422.0078248786740       -223.10390918033283     
   27.691691691691691       -2428.2648367931579       -223.37858386035344     
   27.719719719719720       -2434.5295472972721       -223.65325854037405     
   27.747747747747749       -2440.8019563910166       -223.92793322039466     
   27.775775775775777       -2447.0820640743914       -224.20260790041527     
   27.803803803803802       -2453.3698703473965       -224.47728258043588     
   27.831831831831831       -2459.6653752100315       -224.75195726045649     
   27.859859859859860       -2465.9685786622967       -225.02663194047710     
   27.887887887887889       -2472.2794807041923       -225.30130662049771     
   27.915915915915917       -2478.5980813357182       -225.57598130051832     
   27.943943943943943       -2484.9243805568740       -225.85065598053893     
   27.971971971971971       -2491.2583783676600       -226.12533066055954     
   28.000000000000000       -2497.6000747680764       -226.40000534058015     
