   1.0000000000000000     
   3.0000000000000000     
   3.0130791836754738     
   3.0743267969586103     
   3.0974698401321783     
   3.1149541764514712     
   3.1249840048654467     
   3.1313627761643357     
   3.1352621258241489     
   3.1376821107717139     
   3.1391753527211610     
   3.1400987875000883     
   3.1406693683534042     
   3.1410220379513869     
   3.1412399923252221     
   3.1413746972774375     
   3.1414579491024033     
   3.1415094016563736     
   3.1415412010605075     
   3.1415608541795557     
   3.1415730004723175     
   3.1415805072962080     
