   0.0000000000000000        0.0000000000000000        48.000000000000000     
   1.0010010010010010E-002  0.47998949899896215        47.901901899992637     
   2.0020020020020020E-002  0.95899703503488765        47.803803799985275     
   3.0030030030030030E-002   1.4370226081077764        47.705705699977912     
   4.0040040040040040E-002   1.9140662182176285        47.607607599970549     
   5.0050050050050046E-002   2.3901278653644442        47.509509499963187     
   6.0060060060060060E-002   2.8652075495482232        47.411411399955824     
   7.0070070070070073E-002   3.3393052707689654        47.313313299948462     
   8.0080080080080079E-002   3.8124210290266709        47.215215199941099     
   9.0090090090090086E-002   4.2845548243213400        47.117117099933736     
  0.10010010010010009        4.7557066566529729        47.019018999926374     
  0.11011011011011011        5.2258765260215689        46.920920899919011     
  0.12012012012012012        5.6950644324271282        46.822822799911648     
  0.13013013013013014        6.1632703758696508        46.724724699904286     
  0.14014014014014015        6.6304943563491365        46.626626599896923     
  0.15015015015015015        7.0967363738655855        46.528528499889561     
  0.16016016016016016        7.5619964284189978        46.430430399882198     
  0.17017017017017017        8.0262745200093732        46.332332299874835     
  0.18018018018018017        8.4895706486367128        46.234234199867473     
  0.19019019019019018        8.9518848143010157        46.136136099860110     
  0.20020020020020018        9.4132170170022818        46.038037999852747     
  0.21021021021021022        9.8735672567405111        45.939939899845385     
  0.22022022022022023        10.332935533515704        45.841841799838022     
  0.23023023023023023        10.791321847327859        45.743743699830659     
  0.24024024024024024        11.248726198176978        45.645645599823297     
  0.25025025025025027        11.705148586063061        45.547547499815934     
  0.26026026026026028        12.160589010986106        45.449449399808572     
  0.27027027027027029        12.615047472946115        45.351351299801209     
  0.28028028028028029        13.068523971943087        45.253253199793846     
  0.29029029029029030        13.521018507977022        45.155155099786484     
  0.30030030030030030        13.972531081047920        45.057056999779121     
  0.31031031031031031        14.423061691155782        44.958958899771758     
  0.32032032032032032        14.872610338300607        44.860860799764396     
  0.33033033033033032        15.321177022482397        44.762762699757033     
  0.34034034034034033        15.768761743701148        44.664664599749671     
  0.35035035035035034        16.215364501956863        44.566566499742308     
  0.36036036036036034        16.660985297249542        44.468468399734945     
  0.37037037037037035        17.105624129579187        44.370370299727583     
  0.38038038038038036        17.549280998945793        44.272272199720220     
  0.39039039039039036        17.991955905349361        44.174174099712857     
  0.40040040040040037        18.433648848789893        44.076075999705495     
  0.41041041041041043        18.874359829267391        43.977977899698132     
  0.42042042042042044        19.314088846781850        43.879879799690769     
  0.43043043043043044        19.752835901333270        43.781781699683407     
  0.44044044044044045        20.190600992921656        43.683683599676044     
  0.45045045045045046        20.627384121547006        43.585585499668682     
  0.46046046046046046        21.063185287209318        43.487487399661319     
  0.47047047047047047        21.498004489908592        43.389389299653956     
  0.48048048048048048        21.931841729644830        43.291291199646594     
  0.49049049049049048        22.364697006418034        43.193193099639231     
  0.50050050050050054        22.796570320228199        43.095094999631868     
  0.51051051051051055        23.227461671075329        42.996996899624506     
  0.52052052052052056        23.657371058959420        42.898898799617143     
  0.53053053053053056        24.086298483880476        42.800800699609781     
  0.54054054054054057        24.514243945838494        42.702702599602418     
  0.55055055055055058        24.941207444833477        42.604604499595055     
  0.56056056056056058        25.367188980865425        42.506506399587693     
  0.57057057057057059        25.792188553934334        42.408408299580330     
  0.58058058058058060        26.216206164040205        42.310310199572967     
  0.59059059059059060        26.639241811183041        42.212212099565605     
  0.60060060060060061        27.061295495362842        42.114113999558242     
  0.61061061061061062        27.482367216579604        42.016015899550879     
  0.62062062062062062        27.902456974833328        41.917917799543517     
  0.63063063063063063        28.321564770124017        41.819819699536154     
  0.64064064064064064        28.739690602451670        41.721721599528792     
  0.65065065065065064        29.156834471816286        41.623623499521429     
  0.66066066066066065        29.572996378217862        41.525525399514066     
  0.67067067067067065        29.988176321656404        41.427427299506704     
  0.68068068068068066        30.402374302131911        41.329329199499341     
  0.69069069069069067        30.815590319644379        41.231231099491978     
  0.70070070070070067        31.227824374193812        41.133132999484616     
  0.71071071071071068        31.639076465780210        41.035034899477253     
  0.72072072072072069        32.049346594403573        40.936936799469891     
  0.73073073073073069        32.458634760063902        40.838838699462528     
  0.74074074074074070        32.866940962761191        40.740740599455165     
  0.75075075075075071        33.274265202495442        40.642642499447803     
  0.76076076076076071        33.680607479266655        40.544544399440440     
  0.77077077077077072        34.085967793074829        40.446446299433077     
  0.78078078078078073        34.490346143919965        40.348348199425715     
  0.79079079079079073        34.893742531802062        40.250250099418352     
  0.80080080080080074        35.296156956721127        40.152151999410989     
  0.81081081081081086        35.697589418677161        40.054053899403627     
  0.82082082082082086        36.098039917670157        39.955955799396264     
  0.83083083083083087        36.497508453700114        39.857857699388902     
  0.84084084084084088        36.895995026767032        39.759759599381539     
  0.85085085085085088        37.293499636870912        39.661661499374176     
  0.86086086086086089        37.690022284011754        39.563563399366814     
  0.87087087087087089        38.085562968189564        39.465465299359451     
  0.88088088088088090        38.480121689404342        39.367367199352088     
  0.89089089089089091        38.873698447656082        39.269269099344726     
  0.90090090090090091        39.266293242944784        39.171170999337363     
  0.91091091091091092        39.657906075270446        39.073072899330000     
  0.92092092092092093        40.048536944633071        38.974974799322638     
  0.93093093093093093        40.438185851032657        38.876876699315275     
  0.94094094094094094        40.826852794469204        38.778778599307913     
  0.95095095095095095        41.214537774942720        38.680680499300550     
  0.96096096096096095        41.601240792453204        38.582582399293187     
  0.97097097097097096        41.986961847000650        38.484484299285825     
  0.98098098098098097        42.371700938585057        38.386386199278462     
  0.99099099099099097        42.755458067206426        38.288288099271099     
   1.0010010010010011        43.138233232864756        38.190189999263737     
   1.0110110110110111        43.520026435560048        38.092091899256374     
   1.0210210210210211        43.900837675292301        37.993993799249012     
   1.0310310310310311        44.280666952061523        37.895895699241649     
   1.0410410410410411        44.659514265867713        37.797797599234286     
   1.0510510510510511        45.037379616710865        37.699699499226924     
   1.0610610610610611        45.414263004590978        37.601601399219561     
   1.0710710710710711        45.790164429508053        37.503503299212198     
   1.0810810810810811        46.165083891462089        37.405405199204836     
   1.0910910910910911        46.539021390453087        37.307307099197473     
   1.1011011011011012        46.911976926481053        37.209208999190110     
   1.1111111111111112        47.283950499545988        37.111110899182748     
   1.1211211211211212        47.654942109647884        37.013012799175385     
   1.1311311311311312        48.024951756786741        36.914914699168023     
   1.1411411411411412        48.393979440962561        36.816816599160660     
   1.1511511511511512        48.762025162175341        36.718718499153297     
   1.1611611611611612        49.129088920425083        36.620620399145935     
   1.1711711711711712        49.495170715711787        36.522522299138572     
   1.1811811811811812        49.860270548035459        36.424424199131209     
   1.1911911911911912        50.224388417396099        36.326326099123847     
   1.2012012012012012        50.587524323793701        36.228227999116484     
   1.2112112112112112        50.949678267228265        36.130129899109122     
   1.2212212212212212        51.310850247699790        36.032031799101759     
   1.2312312312312312        51.671040265208276        35.933933699094396     
   1.2412412412412412        52.030248319753724        35.835835599087034     
   1.2512512512512513        52.388474411336141        35.737737499079671     
   1.2612612612612613        52.745718539955526        35.639639399072308     
   1.2712712712712713        53.101980705611872        35.541541299064946     
   1.2812812812812813        53.457260908305180        35.443443199057583     
   1.2912912912912913        53.811559148035450        35.345345099050220     
   1.3013013013013013        54.164875424802680        35.247246999042858     
   1.3113113113113113        54.517209738606873        35.149148899035495     
   1.3213213213213213        54.868562089448027        35.051050799028133     
   1.3313313313313313        55.218932477326149        34.952952699020770     
   1.3413413413413413        55.568320902241240        34.854854599013407     
   1.3513513513513513        55.916727364193292        34.756756499006045     
   1.3613613613613613        56.264151863182306        34.658658398998682     
   1.3713713713713713        56.610594399208281        34.560560298991319     
   1.3813813813813813        56.956054972271218        34.462462198983957     
   1.3913913913913913        57.300533582371116        34.364364098976594     
   1.4014014014014013        57.644030229507983        34.266265998969232     
   1.4114114114114114        57.986544913681819        34.168167898961869     
   1.4214214214214214        58.328077634892615        34.070069798954506     
   1.4314314314314314        58.668628393140374        33.971971698947144     
   1.4414414414414414        59.008197188425093        33.873873598939781     
   1.4514514514514514        59.346784020746775        33.775775498932418     
   1.4614614614614614        59.684388890105417        33.677677398925056     
   1.4714714714714714        60.021011796501021        33.579579298917693     
   1.4814814814814814        60.356652739933594        33.481481198910330     
   1.4914914914914914        60.691311720403135        33.383383098902968     
   1.5015015015015014        61.024988737909638        33.285284998895605     
   1.5115115115115114        61.357683792453102        33.187186898888243     
   1.5215215215215214        61.689396884033528        33.089088798880880     
   1.5315315315315314        62.020128012650915        32.990990698873517     
   1.5415415415415414        62.349877178305263        32.892892598866155     
   1.5515515515515514        62.678644380996573        32.794794498858792     
   1.5615615615615615        63.006429620724852        32.696696398851429     
   1.5715715715715715        63.333232897490099        32.598598298844067     
   1.5815815815815815        63.659054211292307        32.500500198836704     
   1.5915915915915915        63.983893562131477        32.402402098829342     
   1.6016016016016015        64.307750950007616        32.304303998821979     
   1.6116116116116117        64.630626374920723        32.206205898814616     
   1.6216216216216217        64.952519836870792        32.108107798807254     
   1.6316316316316317        65.273431335857822        32.010009698799891     
   1.6416416416416417        65.593360871881814        31.911911598792535     
   1.6516516516516517        65.912308444942767        31.813813498785180     
   1.6616616616616617        66.230274055040681        31.715715398777824     
   1.6716716716716717        66.547257702175557        31.617617298770469     
   1.6816816816816818        66.863259386347394        31.519519198763113     
   1.6916916916916918        67.178279107556193        31.421421098755758     
   1.7017017017017018        67.492316865801953        31.323322998748402     
   1.7117117117117118        67.805372661084675        31.225224898741047     
   1.7217217217217218        68.117446493404358        31.127126798733691     
   1.7317317317317318        68.428538362761003        31.029028698726336     
   1.7417417417417418        68.738648269154623        30.930930598718980     
   1.7517517517517518        69.047776212585219        30.832832498711625     
   1.7617617617617618        69.355922193052777        30.734734398704269     
   1.7717717717717718        69.663086210557296        30.636636298696914     
   1.7817817817817818        69.969268265098776        30.538538198689558     
   1.7917917917917918        70.274468356677218        30.440440098682203     
   1.8018018018018018        70.578686485292621        30.342341998674847     
   1.8118118118118118        70.881922650944986        30.244243898667492     
   1.8218218218218218        71.184176853634312        30.146145798660136     
   1.8318318318318318        71.485449093360600        30.048047698652780     
   1.8418418418418419        71.785739370123849        29.949949598645425     
   1.8518518518518519        72.085047683924060        29.851851498638069     
   1.8618618618618619        72.383374034761232        29.753753398630714     
   1.8718718718718719        72.680718422635366        29.655655298623358     
   1.8818818818818819        72.977080847546461        29.557557198616003     
   1.8918918918918919        73.272461309494531        29.459459098608647     
   1.9019019019019019        73.566859808479578        29.361360998601292     
   1.9119119119119119        73.860276344501585        29.263262898593936     
   1.9219219219219219        74.152710917560555        29.165164798586581     
   1.9319319319319319        74.444163527656485        29.067066698579225     
   1.9419419419419419        74.734634174789377        28.968968598571870     
   1.9519519519519519        75.024122858959231        28.870870498564514     
   1.9619619619619619        75.312629580166046        28.772772398557159     
   1.9719719719719719        75.600154338409823        28.674674298549803     
   1.9819819819819819        75.886697133690561        28.576576198542448     
   1.9919919919919920        76.172257966008260        28.478478098535092     
   2.0020020020020022        76.456836835362921        28.380379998527737     
   2.0120120120120122        76.740433741754543        28.282281898520381     
   2.0220220220220222        77.023048685183127        28.184183798513025     
   2.0320320320320322        77.304681665648687        28.086085698505670     
   2.0420420420420422        77.585332683151222        27.987987598498314     
   2.0520520520520522        77.865001737690719        27.889889498490959     
   2.0620620620620622        78.143688829267177        27.791791398483603     
   2.0720720720720722        78.421393957880596        27.693693298476248     
   2.0820820820820822        78.698117123530977        27.595595198468892     
   2.0920920920920922        78.973858326218320        27.497497098461537     
   2.1021021021021022        79.248617565942624        27.399398998454181     
   2.1121121121121122        79.522394842703889        27.301300898446826     
   2.1221221221221223        79.795190156502116        27.203202798439470     
   2.1321321321321323        80.067003507337304        27.105104698432115     
   2.1421421421421423        80.337834895209454        27.007006598424759     
   2.1521521521521523        80.607684320118565        26.908908498417404     
   2.1621621621621623        80.876551782064638        26.810810398410048     
   2.1721721721721723        81.144437281047672        26.712712298402693     
   2.1821821821821823        81.411340817067682        26.614614198395337     
   2.1921921921921923        81.677262390124667        26.516516098387982     
   2.2022022022022023        81.942202000218614        26.418417998380626     
   2.2122122122122123        82.206159647349523        26.320319898373270     
   2.2222222222222223        82.469135331517393        26.222221798365915     
   2.2322322322322323        82.731129052722224        26.124123698358559     
   2.2422422422422423        82.992140810964017        26.026025598351204     
   2.2522522522522523        83.252170606242771        25.927927498343848     
   2.2622622622622623        83.511218438558487        25.829829398336493     
   2.2722722722722724        83.769284307911164        25.731731298329137     
   2.2822822822822824        84.026368214300803        25.633633198321782     
   2.2922922922922924        84.282470157727403        25.535535098314426     
   2.3023023023023024        84.537590138190964        25.437436998307071     
   2.3123123123123124        84.791728155691487        25.339338898299715     
   2.3223223223223224        85.044884210228986        25.241240798292360     
   2.3323323323323324        85.297058301803460        25.143142698285004     
   2.3423423423423424        85.548250430414896        25.045044598277649     
   2.3523523523523524        85.798460596063293        24.946946498270293     
   2.3623623623623624        86.047688798748652        24.848848398262938     
   2.3723723723723724        86.295935038470972        24.750750298255582     
   2.3823823823823824        86.543199315230254        24.652652198248227     
   2.3923923923923924        86.789481629026497        24.554554098240871     
   2.4024024024024024        87.034781979859702        24.456455998233515     
   2.4124124124124124        87.279100367729868        24.358357898226160     
   2.4224224224224224        87.522436792636995        24.260259798218804     
   2.4324324324324325        87.764791254581084        24.162161698211449     
   2.4424424424424425        88.006163753562134        24.064063598204093     
   2.4524524524524525        88.246554289580146        23.965965498196738     
   2.4624624624624625        88.485962862635120        23.867867398189382     
   2.4724724724724725        88.724389472727069        23.769769298182027     
   2.4824824824824825        88.961834119855993        23.671671198174671     
   2.4924924924924925        89.198296804021879        23.573573098167316     
   2.5025025025025025        89.433777525224727        23.475474998159960     
   2.5125125125125125        89.668276283464536        23.377376898152605     
   2.5225225225225225        89.901793078741306        23.279278798145249     
   2.5325325325325325        90.134327911055038        23.181180698137894     
   2.5425425425425425        90.365880780405732        23.083082598130538     
   2.5525525525525525        90.596451686793387        22.984984498123183     
   2.5625625625625625        90.826040630218003        22.886886398115827     
   2.5725725725725725        91.054647610679581        22.788788298108472     
   2.5825825825825826        91.282272628178120        22.690690198101116     
   2.5925925925925926        91.508915682713621        22.592592098093760     
   2.6026026026026026        91.734576774286083        22.494493998086405     
   2.6126126126126126        91.959255902895507        22.396395898079049     
   2.6226226226226226        92.182953068541906        22.298297798071694     
   2.6326326326326326        92.405668271225281        22.200199698064338     
   2.6426426426426426        92.627401510945617        22.102101598056983     
   2.6526526526526526        92.848152787702915        22.004003498049627     
   2.6626626626626626        93.067922101497174        21.905905398042272     
   2.6726726726726726        93.286709452328395        21.807807298034916     
   2.6826826826826826        93.504514840196578        21.709709198027561     
   2.6926926926926926        93.721338265101721        21.611611098020205     
   2.7027027027027026        93.937179727043826        21.513512998012850     
   2.7127127127127126        94.152039226022893        21.415414898005494     
   2.7227227227227226        94.365916762038921        21.317316797998139     
   2.7327327327327327        94.578812335091911        21.219218697990783     
   2.7427427427427427        94.790725945181862        21.121120597983428     
   2.7527527527527527        95.001657592308774        21.023022497976072     
   2.7627627627627627        95.211607276472662        20.924924397968717     
   2.7727727727727727        95.420574997673526        20.826826297961361     
   2.7827827827827827        95.628560755911352        20.728728197954005     
   2.7927927927927927        95.835564551186138        20.630630097946650     
   2.8028028028028027        96.041586383497886        20.532531997939294     
   2.8128128128128127        96.246626252846596        20.434433897931939     
   2.8228228228228227        96.450684159232267        20.336335797924583     
   2.8328328328328327        96.653760102654900        20.238237697917228     
   2.8428428428428427        96.855854083114494        20.140139597909872     
   2.8528528528528527        97.056966100611049        20.042041497902517     
   2.8628628628628627        97.257096155144566        19.943943397895161     
   2.8728728728728727        97.456244246715045        19.845845297887806     
   2.8828828828828827        97.654410375322485        19.747747197880450     
   2.8928928928928928        97.851594540966886        19.649649097873095     
   2.9029029029029028        98.047796743648249        19.551550997865739     
   2.9129129129129128        98.243016983366587        19.453452897858384     
   2.9229229229229228        98.437255260121901        19.355354797851028     
   2.9329329329329328        98.630511573914177        19.257256697843673     
   2.9429429429429428        98.822785924743414        19.159158597836317     
   2.9529529529529528        99.014078312609612        19.061060497828962     
   2.9629629629629628        99.204388737512772        18.962962397821606     
   2.9729729729729728        99.393717199452894        18.864864297814250     
   2.9829829829829828        99.582063698429977        18.766766197806895     
   2.9929929929929928        99.769428234444021        18.668668097799539     
   3.0030030030030028        99.955810807495027        18.570569997792184     
   3.0130130130130128        100.14121141758299        18.472471897784828     
   3.0230230230230228        100.32563006470792        18.374373797777473     
   3.0330330330330328        100.50906674886981        18.276275697770117     
   3.0430430430430429        100.69152147006866        18.178177597762762     
   3.0530530530530529        100.87299422830449        18.080079497755406     
   3.0630630630630629        101.05348502357730        17.981981397748051     
   3.0730730730730729        101.23299385588706        17.883883297740695     
   3.0830830830830829        101.41152072523379        17.785785197733340     
   3.0930930930930929        101.58906563161747        17.687687097725984     
   3.1031031031031029        101.76562857503812        17.589588997718629     
   3.1131131131131129        101.94120955549573        17.491490897711273     
   3.1231231231231229        102.11580857299030        17.393392797703918     
   3.1331331331331329        102.28942562752184        17.295294697696562     
   3.1431431431431429        102.46206071909033        17.197196597689206     
   3.1531531531531529        102.63371384769579        17.099098497681851     
   3.1631631631631629        102.80438501333821        17.001000397674495     
   3.1731731731731729        102.97407421601758        16.902902297667140     
   3.1831831831831829        103.14278145573392        16.804804197659784     
   3.1931931931931929        103.31050673248723        16.706706097652429     
   3.2032032032032030        103.47725004627750        16.608607997645073     
   3.2132132132132134        103.64301139710476        16.510509897637718     
   3.2232232232232234        103.80779078496897        16.412411797630362     
   3.2332332332332334        103.97158820987015        16.314313697623007     
   3.2432432432432434        104.13440367180829        16.216215597615651     
   3.2532532532532534        104.29623717078339        16.118117497608296     
   3.2632632632632634        104.45708870679545        16.020019397600940     
   3.2732732732732734        104.61695827984447        15.921921297593585     
   3.2832832832832834        104.77584588993045        15.823823197586229     
   3.2932932932932935        104.93375153705340        15.725725097578874     
   3.3033033033033035        105.09067522121330        15.627626997571518     
   3.3133133133133135        105.24661694241017        15.529528897564163     
   3.3233233233233235        105.40157670064400        15.431430797556807     
   3.3333333333333335        105.55555449591479        15.333332697549451     
   3.3433433433433435        105.70855032822254        15.235234597542096     
   3.3533533533533535        105.86056419756727        15.137136497534740     
   3.3633633633633635        106.01159610394897        15.039038397527385     
   3.3733733733733735        106.16164604736764        14.940940297520029     
   3.3833833833833835        106.31071402782327        14.842842197512674     
   3.3933933933933935        106.45880004531585        14.744744097505318     
   3.4034034034034035        106.60590409984540        14.646645997497963     
   3.4134134134134135        106.75202619141191        14.548547897490607     
   3.4234234234234235        106.89716632001539        14.450449797483252     
   3.4334334334334335        107.04132448565582        14.352351697475896     
   3.4434434434434436        107.18450068833322        14.254253597468541     
   3.4534534534534536        107.32669492804757        14.156155497461185     
   3.4634634634634636        107.46790720479889        14.058057397453830     
   3.4734734734734736        107.60813751858717        13.959959297446474     
   3.4834834834834836        107.74738586941241        13.861861197439119     
   3.4934934934934936        107.88565225727463        13.763763097431763     
   3.5035035035035036        108.02293668217382        13.665664997424408     
   3.5135135135135136        108.15923914410997        13.567566897417052     
   3.5235235235235236        108.29455964308309        13.469468797409696     
   3.5335335335335336        108.42889817909317        13.371370697402341     
   3.5435435435435436        108.56225475214021        13.273272597394985     
   3.5535535535535536        108.69462936222421        13.175174497387630     
   3.5635635635635636        108.82602200934517        13.077076397380274     
   3.5735735735735736        108.95643269350309        12.978978297372919     
   3.5835835835835836        109.08586141469797        12.880880197365563     
   3.5935935935935936        109.21430817292982        12.782782097358208     
   3.6036036036036037        109.34177296819863        12.684683997350852     
   3.6136136136136137        109.46825580050439        12.586585897343497     
   3.6236236236236237        109.59375666984712        12.488487797336141     
   3.6336336336336337        109.71827557622682        12.390389697328786     
   3.6436436436436437        109.84181251964348        12.292291597321430     
   3.6536536536536537        109.96436750009713        12.194193497314075     
   3.6636636636636637        110.08594051758773        12.096095397306719     
   3.6736736736736737        110.20653157211530        11.997997297299364     
   3.6836836836836837        110.32614066367982        11.899899197292008     
   3.6936936936936937        110.44476779228131        11.801801097284653     
   3.7037037037037037        110.56241295791976        11.703702997277297     
   3.7137137137137137        110.67907616059517        11.605604897269941     
   3.7237237237237237        110.79475740030755        11.507506797262586     
   3.7337337337337337        110.90945667705688        11.409408697255230     
   3.7437437437437437        111.02317399084318        11.311310597247875     
   3.7537537537537538        111.13590934166643        11.213212497240519     
   3.7637637637637638        111.24766272952665        11.115114397233164     
   3.7737737737737738        111.35843415442383        11.017016297225808     
   3.7837837837837838        111.46822361635799        10.918918197218453     
   3.7937937937937938        111.57703111532912        10.820820097211097     
   3.8038038038038038        111.68485665133721        10.722721997203742     
   3.8138138138138138        111.79170022438227        10.624623897196386     
   3.8238238238238238        111.89756183446428        10.526525797189031     
   3.8338338338338338        112.00244148158326        10.428427697181675     
   3.8438438438438438        112.10633916573920        10.330329597174320     
   3.8538538538538538        112.20925488693210        10.232231497166964     
   3.8638638638638638        112.31118864516196        10.134133397159609     
   3.8738738738738738        112.41214044042879        10.036035297152253     
   3.8838838838838838        112.51211027273257        9.9379371971448975     
   3.8938938938938938        112.61109814207332        9.8398390971375420     
   3.9039039039039038        112.70910404845102        9.7417409971301865     
   3.9139139139139139        112.80612799186569        9.6436428971228310     
   3.9239239239239239        112.90216997231732        9.5455447971154754     
   3.9339339339339339        112.99722998980593        9.4474466971081199     
   3.9439439439439439        113.09130804433151        9.3493485971007644     
   3.9539539539539539        113.18440413589406        9.2512504970934089     
   3.9639639639639639        113.27651826449356        9.1531523970860533     
   3.9739739739739739        113.36765043013003        9.0550542970786978     
   3.9839839839839839        113.45780063280345        8.9569561970713423     
   3.9939939939939939        113.54696887251384        8.8588580970639867     
   4.0040040040040044        113.63515514926119        8.7607599970566312     
   4.0140140140140144        113.72235946304551        8.6626618970492757     
   4.0240240240240244        113.80858181386678        8.5645637970419202     
   4.0340340340340344        113.89382220172502        8.4664656970345646     
   4.0440440440440444        113.97808062662021        8.3683675970272091     
   4.0540540540540544        114.06135708855237        8.2702694970198536     
   4.0640640640640644        114.14365158752149        8.1721713970124981     
   4.0740740740740744        114.22496412352758        8.0740732970051425     
   4.0840840840840844        114.30529469657066        7.9759751969977870     
   4.0940940940940944        114.38464330665069        7.8778770969904315     
   4.1041041041041044        114.46300995376768        7.7797789969830760     
   4.1141141141141144        114.54039463792164        7.6816808969757204     
   4.1241241241241244        114.61679735911255        7.5835827969683649     
   4.1341341341341344        114.69221811734043        7.4854846969610094     
   4.1441441441441444        114.76665691260527        7.3873865969536539     
   4.1541541541541545        114.84011374490707        7.2892884969462983     
   4.1641641641641645        114.91258861424583        7.1911903969389428     
   4.1741741741741745        114.98408152062156        7.0930922969315873     
   4.1841841841841845        115.05459246403424        6.9949941969242317     
   4.1941941941941945        115.12412144448389        6.8968960969168762     
   4.2042042042042045        115.19266846197050        6.7987979969095207     
   4.2142142142142145        115.26023351649407        6.7006998969021652     
   4.2242242242242245        115.32681660805461        6.6026017968948096     
   4.2342342342342345        115.39241773665213        6.5045036968874541     
   4.2442442442442445        115.45703690228662        6.4064055968800986     
   4.2542542542542545        115.52067410495806        6.3083074968727431     
   4.2642642642642645        115.58332934466647        6.2102093968653875     
   4.2742742742742745        115.64500262141183        6.1121112968580320     
   4.2842842842842845        115.70569393519416        6.0140131968506765     
   4.2942942942942945        115.76540328601345        5.9159150968433210     
   4.3043043043043046        115.82413067386970        5.8178169968359654     
   4.3143143143143146        115.88187609876292        5.7197188968286099     
   4.3243243243243246        115.93863956069309        5.6216207968212544     
   4.3343343343343346        115.99442105966023        5.5235226968138988     
   4.3443443443443446        116.04922059566432        5.4254245968065433     
   4.3543543543543546        116.10303816870538        5.3273264967991878     
   4.3643643643643646        116.15587377878340        5.2292283967918323     
   4.3743743743743746        116.20772742589840        5.1311302967844767     
   4.3843843843843846        116.25859911005037        5.0330321967771212     
   4.3943943943943946        116.30848883123930        4.9349340967697657     
   4.4044044044044046        116.35739658946520        4.8368359967624102     
   4.4144144144144146        116.40532238472805        4.7387378967550546     
   4.4244244244244246        116.45226621702787        4.6406397967476991     
   4.4344344344344346        116.49822808636465        4.5425416967403436     
   4.4444444444444446        116.54320799273839        4.4444435967329881     
   4.4544544544544546        116.58720593614909        4.3463454967256325     
   4.4644644644644647        116.63022191659675        4.2482473967182770     
   4.4744744744744747        116.67225593408138        4.1501492967109215     
   4.4844844844844847        116.71330798860296        4.0520511967035659     
   4.4944944944944947        116.75337808016151        3.9539530966962100     
   4.5045045045045047        116.79246620875702        3.8558549966888536     
   4.5145145145145147        116.83057237438950        3.7577568966814971     
   4.5245245245245247        116.86769657705896        3.6596587966741407     
   4.5345345345345347        116.90383881676539        3.5615606966667843     
   4.5445445445445447        116.93899909350877        3.4634625966594279     
   4.5545545545545547        116.97317740728911        3.3653644966520715     
   4.5645645645645647        117.00637375810642        3.2672663966447151     
   4.5745745745745747        117.03858814596069        3.1691682966373587     
   4.5845845845845847        117.06982057085192        3.0710701966300022     
   4.5945945945945947        117.10007103278011        2.9729720966226458     
   4.6046046046046047        117.12933953174526        2.8748739966152894     
   4.6146146146146148        117.15762606774737        2.7767758966079330     
   4.6246246246246248        117.18493064078645        2.6786777966005766     
   4.6346346346346348        117.21125325086248        2.5805796965932202     
   4.6446446446446448        117.23659389797548        2.4824815965858638     
   4.6546546546546548        117.26095258212544        2.3843834965785073     
   4.6646646646646648        117.28432930331238        2.2862853965711509     
   4.6746746746746748        117.30672406153629        2.1881872965637945     
   4.6846846846846848        117.32813685679716        2.0900891965564381     
   4.6946946946946948        117.34856768909499        1.9919910965490819     
   4.7047047047047048        117.36801655842979        1.8938929965417259     
   4.7147147147147148        117.38648346480154        1.7957948965343700     
   4.7247247247247248        117.40396840821026        1.6976967965270140     
   4.7347347347347348        117.42047138865594        1.5995986965196580     
   4.7447447447447448        117.43599240613858        1.5015005965123021     
   4.7547547547547548        117.45053146065818        1.4034024965049461     
   4.7647647647647648        117.46408855221475        1.3053043964975901     
   4.7747747747747749        117.47666368080827        1.2072062964902341     
   4.7847847847847849        117.48825684643876        1.1091081964828782     
   4.7947947947947949        117.49886804910621        1.0110100964755222     
   4.8048048048048049        117.50849728881063       0.91291199646816623     
   4.8148148148148149        117.51714456555203       0.81481389646081026     
   4.8248248248248249        117.52480987933039       0.71671579645345429     
   4.8348348348348349        117.53149323014571       0.61861769644609832     
   4.8448448448448449        117.53719461799800       0.52051959643874235     
   4.8548548548548549        117.54191404288724       0.42242149643138638     
   4.8648648648648649        117.54565150481345       0.32432339642403041     
   4.8748748748748749        117.54840700377662       0.22622529641667444     
   4.8848848848848849        117.55018053977675       0.12812719640931847     
   4.8948948948948949        117.55097211281384        3.0029096401962489E-002
   4.9049049049049049        117.55078172288789       -6.8069003605393502E-002
   4.9149149149149149        117.54960936999890      -0.16616710361274947     
   4.9249249249249250        117.54745505414688      -0.26426520362010547     
   4.9349349349349350        117.54431877533182      -0.36236330362746144     
   4.9449449449449450        117.54020053355372      -0.46046140363481741     
   4.9549549549549550        117.53510032881259      -0.55855950364217344     
   4.9649649649649650        117.52901816110844      -0.65665760364952941     
   4.9749749749749750        117.52195403044125      -0.75475570365688538     
   4.9849849849849850        117.51390793681102      -0.85285380366424135     
   4.9949949949949950        117.50487988021776      -0.95095190367159732     
   5.0050050050050050        117.49486986066145       -1.0490500036789534     
   5.0150150150150150        117.48387787814211       -1.1471481036863094     
   5.0250250250250250        117.47190393265973       -1.2452462036936653     
   5.0350350350350350        117.45894802421431       -1.3433443037010213     
   5.0450450450450450        117.44501015280585       -1.4414424037083773     
   5.0550550550550550        117.43009031843435       -1.5395405037157333     
   5.0650650650650650        117.41418852109982       -1.6376386037230892     
   5.0750750750750750        117.39730476080224       -1.7357367037304452     
   5.0850850850850851        117.37943903754163       -1.8338348037378012     
   5.0950950950950951        117.36059135131798       -1.9319329037451571     
   5.1051051051051051        117.34076170213130       -2.0300310037525131     
   5.1151151151151151        117.31995008998160       -2.1281291037598695     
   5.1251251251251251        117.29815651486886       -2.2262272037672259     
   5.1351351351351351        117.27538097679309       -2.3243253037745824     
   5.1451451451451451        117.25162347575427       -2.4224234037819388     
   5.1551551551551551        117.22688401175242       -2.5205215037892952     
   5.1651651651651651        117.20116258478753       -2.6186196037966516     
   5.1751751751751751        117.17445919485959       -2.7167177038040080     
   5.1851851851851851        117.14677384196862       -2.8148158038113644     
   5.1951951951951951        117.11810652611462       -2.9129139038187208     
   5.2052052052052051        117.08845724729757       -3.0110120038260773     
   5.2152152152152151        117.05782600551748       -3.1091101038334337     
   5.2252252252252251        117.02621280077436       -3.2072082038407901     
   5.2352352352352352        116.99361763306820       -3.3053063038481465     
   5.2452452452452452        116.96004050239901       -3.4034044038555029     
   5.2552552552552552        116.92548140876680       -3.5015025038628593     
   5.2652652652652652        116.88994035217155       -3.5996006038702157     
   5.2752752752752752        116.85341733261326       -3.6976987038775722     
   5.2852852852852852        116.81591235009193       -3.7957968038849286     
   5.2952952952952952        116.77742540460757       -3.8938949038922850     
   5.3053053053053052        116.73795649616017       -3.9919930038996414     
   5.3153153153153152        116.69750562474972       -4.0900911039069969     
   5.3253253253253252        116.65607279037624       -4.1881892039143525     
   5.3353353353353352        116.61365799303972       -4.2862873039217080     
   5.3453453453453452        116.57026123274017       -4.3843854039290635     
   5.3553553553553552        116.52588250947757       -4.4824835039364190     
   5.3653653653653652        116.48052182325193       -4.5805816039437746     
   5.3753753753753752        116.43417917406326       -4.6786797039511301     
   5.3853853853853852        116.38685456191155       -4.7767778039584856     
   5.3953953953953953        116.33854798679681       -4.8748759039658411     
   5.4054054054054053        116.28925944871905       -4.9729740039731967     
   5.4154154154154153        116.23898894767825       -5.0710721039805522     
   5.4254254254254253        116.18773648367441       -5.1691702039879077     
   5.4354354354354353        116.13550205670754       -5.2672683039952632     
   5.4454454454454453        116.08228566677762       -5.3653664040026188     
   5.4554554554554553        116.02808731388467       -5.4634645040099743     
   5.4654654654654653        115.97290699802868       -5.5615626040173298     
   5.4754754754754753        115.91674471920965       -5.6596607040246854     
   5.4854854854854853        115.85960047742758       -5.7577588040320409     
   5.4954954954954953        115.80147427268247       -5.8558569040393964     
   5.5055055055055053        115.74236610497432       -5.9539550040467519     
   5.5155155155155153        115.68227597430314       -6.0520531040541075     
   5.5255255255255253        115.62120388066892       -6.1501512040614630     
   5.5355355355355353        115.55914982407165       -6.2482493040688185     
   5.5455455455455454        115.49611380451137       -6.3463474040761740     
   5.5555555555555554        115.43209582198806       -6.4444455040835296     
   5.5655655655655654        115.36709587650171       -6.5425436040908851     
   5.5755755755755754        115.30111396805232       -6.6406417040982406     
   5.5855855855855854        115.23415009663989       -6.7387398041055961     
   5.5955955955955954        115.16620426226443       -6.8368379041129517     
   5.6056056056056054        115.09727646492593       -6.9349360041203072     
   5.6156156156156154        115.02736670462438       -7.0330341041276627     
   5.6256256256256254        114.95647498135980       -7.1311322041350182     
   5.6356356356356354        114.88460129513219       -7.2292303041423738     
   5.6456456456456454        114.81174564594153       -7.3273284041497293     
   5.6556556556556554        114.73790803378783       -7.4254265041570848     
   5.6656656656656654        114.66308845867110       -7.5235246041644404     
   5.6756756756756754        114.58728692059132       -7.6216227041717959     
   5.6856856856856854        114.51050341954853       -7.7197208041791514     
   5.6956956956956954        114.43273795554271       -7.8178189041865069     
   5.7057057057057055        114.35399052857385       -7.9159170041938625     
   5.7157157157157155        114.27426113864195       -8.0140151042012189     
   5.7257257257257255        114.19354978574701       -8.1121132042085744     
   5.7357357357357355        114.11185646988903       -8.2102113042159299     
   5.7457457457457455        114.02918119106802       -8.3083094042232855     
   5.7557557557557555        113.94552394928397       -8.4064075042306410     
   5.7657657657657655        113.86088474453688       -8.5045056042379965     
   5.7757757757757755        113.77526357682675       -8.6026037042453520     
   5.7857857857857855        113.68866044615358       -8.7007018042527076     
   5.7957957957957955        113.60107535251737       -8.7987999042600631     
   5.8058058058058055        113.51250829591812       -8.8968980042674186     
   5.8158158158158155        113.42295927635584       -8.9949961042747741     
   5.8258258258258255        113.33242829383052       -9.0930942042821297     
   5.8358358358358355        113.24091534834217       -9.1911923042894852     
   5.8458458458458455        113.14842043989080       -9.2892904042968407     
   5.8558558558558556        113.05494356847639       -9.3873885043041962     
   5.8658658658658656        112.96048473409894       -9.4854866043115518     
   5.8758758758758756        112.86504393675845       -9.5835847043189073     
   5.8858858858858856        112.76862117645493       -9.6816828043262628     
   5.8958958958958956        112.67121645318836       -9.7797809043336184     
   5.9059059059059056        112.57282976695876       -9.8778790043409739     
   5.9159159159159156        112.47346111776612       -9.9759771043483294     
   5.9259259259259256        112.37311050561044       -10.074075204355685     
   5.9359359359359356        112.27177793049172       -10.172173304363040     
   5.9459459459459456        112.16946339240997       -10.270271404370396     
   5.9559559559559556        112.06616689136517       -10.368369504377752     
   5.9659659659659656        111.96188842735734       -10.466467604385107     
   5.9759759759759756        111.85662800038648       -10.564565704392463     
   5.9859859859859856        111.75038561045260       -10.662663804399818     
   5.9959959959959956        111.64316125755568       -10.760761904407174     
   6.0060060060060056        111.53495494169572       -10.858860004414529     
   6.0160160160160157        111.42576666287272       -10.956958104421885     
   6.0260260260260257        111.31559642108668       -11.055056204429240     
   6.0360360360360357        111.20444421633761       -11.153154304436596     
   6.0460460460460457        111.09231004862549       -11.251252404443951     
   6.0560560560560557        110.97919391795034       -11.349350504451307     
   6.0660660660660657        110.86509582431215       -11.447448604458662     
   6.0760760760760757        110.75001576771092       -11.545546704466018     
   6.0860860860860857        110.63395374814665       -11.643644804473373     
   6.0960960960960957        110.51690976561935       -11.741742904480729     
   6.1061061061061057        110.39888382012900       -11.839841004488084     
   6.1161161161161157        110.27987591167562       -11.937939104495440     
   6.1261261261261257        110.15988604025921       -12.036037204502795     
   6.1361361361361357        110.03891420587978       -12.134135304510151     
   6.1461461461461457        109.91696040853731       -12.232233404517507     
   6.1561561561561557        109.79402464823180       -12.330331504524862     
   6.1661661661661658        109.67010692496325       -12.428429604532218     
   6.1761761761761758        109.54520723873166       -12.526527704539573     
   6.1861861861861858        109.41932558953704       -12.624625804546929     
   6.1961961961961958        109.29246197737938       -12.722723904554284     
   6.2062062062062058        109.16461640225867       -12.820822004561640     
   6.2162162162162158        109.03578886417493       -12.918920104568995     
   6.2262262262262258        108.90597936312815       -13.017018204576351     
   6.2362362362362358        108.77518789911834       -13.115116304583706     
   6.2462462462462458        108.64341447214548       -13.213214404591062     
   6.2562562562562558        108.51065908220959       -13.311312504598417     
   6.2662662662662658        108.37692172931067       -13.409410604605773     
   6.2762762762762758        108.24220241344872       -13.507508704613128     
   6.2862862862862858        108.10650113462374       -13.605606804620484     
   6.2962962962962958        107.96981789283572       -13.703704904627839     
   6.3063063063063058        107.83215268808466       -13.801803004635195     
   6.3163163163163158        107.69350552037056       -13.899901104642550     
   6.3263263263263259        107.55387638969343       -13.997999204649906     
   6.3363363363363359        107.41326529605325       -14.096097304657262     
   6.3463463463463459        107.27167223945004       -14.194195404664617     
   6.3563563563563559        107.12909721988379       -14.292293504671973     
   6.3663663663663659        106.98554023735450       -14.390391604679328     
   6.3763763763763759        106.84100129186217       -14.488489704686684     
   6.3863863863863859        106.69548038340680       -14.586587804694039     
   6.3963963963963959        106.54897751198840       -14.684685904701395     
   6.4064064064064059        106.40149267760695       -14.782784004708750     
   6.4164164164164168        106.25302588026248       -14.880882104716106     
   6.4264264264264268        106.10357711995499       -14.978980204723461     
   6.4364364364364368        105.95314639668446       -15.077078304730817     
   6.4464464464464468        105.80173371045089       -15.175176404738172     
   6.4564564564564568        105.64933906125428       -15.273274504745528     
   6.4664664664664668        105.49596244909463       -15.371372604752883     
   6.4764764764764768        105.34160387397195       -15.469470704760239     
   6.4864864864864868        105.18626333588622       -15.567568804767594     
   6.4964964964964969        105.02994083483746       -15.665666904774950     
   6.5065065065065069        104.87263637082566       -15.763765004782305     
   6.5165165165165169        104.71434994385082       -15.861863104789661     
   6.5265265265265269        104.55508155391294       -15.959961204797017     
   6.5365365365365369        104.39483120101202       -16.058059304804374     
   6.5465465465465469        104.23359888514807       -16.156157404811729     
   6.5565565565565569        104.07138460632108       -16.254255504819085     
   6.5665665665665669        103.90818836453106       -16.352353604826440     
   6.5765765765765769        103.74401015977801       -16.450451704833796     
   6.5865865865865869        103.57884999206193       -16.548549804841151     
   6.5965965965965969        103.41270786138281       -16.646647904848507     
   6.6066066066066069        103.24558376774065       -16.744746004855863     
   6.6166166166166169        103.07747771113546       -16.842844104863218     
   6.6266266266266269        102.90838969156722       -16.940942204870574     
   6.6366366366366369        102.73831970903595       -17.039040304877929     
   6.6466466466466469        102.56726776354164       -17.137138404885285     
   6.6566566566566570        102.39523385508429       -17.235236504892640     
   6.6666666666666670        102.22221798366390       -17.333334604899996     
   6.6766766766766770        102.04822014928047       -17.431432704907351     
   6.6866866866866870        101.87324035193400       -17.529530804914707     
   6.6966966966966970        101.69727859162450       -17.627628904922062     
   6.7067067067067070        101.52033486835197       -17.725727004929418     
   6.7167167167167170        101.34240918211641       -17.823825104936773     
   6.7267267267267270        101.16350153291782       -17.921923204944129     
   6.7367367367367370        100.98361192075619       -18.020021304951484     
   6.7467467467467470        100.80274034563152       -18.118119404958840     
   6.7567567567567570        100.62088680754381       -18.216217504966195     
   6.7667667667667670        100.43805130649307       -18.314315604973551     
   6.7767767767767770        100.25423384247928       -18.412413704980906     
   6.7867867867867870        100.06943441550246       -18.510511804988262     
   6.7967967967967970        99.883653025562595       -18.608609904995618     
   6.8068068068068071        99.696889672659694       -18.706708005002973     
   6.8168168168168171        99.509144356793755       -18.804806105010329     
   6.8268268268268271        99.320417077964777       -18.902904205017684     
   6.8368368368368371        99.130707836172760       -19.001002305025040     
   6.8468468468468471        98.940016631417706       -19.099100405032395     
   6.8568568568568571        98.748343463699626       -19.197198505039751     
   6.8668668668668671        98.555688333018523       -19.295296605047106     
   6.8768768768768771        98.362051239374381       -19.393394705054462     
   6.8868868868868871        98.167432182767200       -19.491492805061817     
   6.8968968968968971        97.971831163196981       -19.589590905069173     
   6.9069069069069071        97.775248180663723       -19.687689005076528     
   6.9169169169169171        97.577683235167427       -19.785787105083884     
   6.9269269269269271        97.379136326708092       -19.883885205091239     
   6.9369369369369371        97.179607455285719       -19.981983305098595     
   6.9469469469469471        96.979096620900307       -20.080081405105950     
   6.9569569569569571        96.777603823551857       -20.178179505113306     
   6.9669669669669672        96.575129063240368       -20.276277605120661     
   6.9769769769769772        96.371672339965841       -20.374375705128017     
   6.9869869869869872        96.167233653728275       -20.472473805135373     
   6.9969969969969972        95.961813004527684       -20.570571905142728     
   7.0070070070070072        95.755410392364070       -20.668670005150084     
   7.0170170170170172        95.548025817237416       -20.766768105157439     
   7.0270270270270272        95.339659279147725       -20.864866205164795     
   7.0370370370370372        95.130310778094994       -20.962964305172150     
   7.0470470470470472        94.919980314079226       -21.061062405179506     
   7.0570570570570572        94.708667887100418       -21.159160505186861     
   7.0670670670670672        94.496373497158572       -21.257258605194217     
   7.0770770770770772        94.283097144253688       -21.355356705201572     
   7.0870870870870872        94.068838828385765       -21.453454805208928     
   7.0970970970970972        93.853598549554803       -21.551552905216283     
   7.1071071071071072        93.637376307760803       -21.649651005223639     
   7.1171171171171173        93.420172103003765       -21.747749105230994     
   7.1271271271271273        93.201985935283687       -21.845847205238350     
   7.1371371371371373        92.982817804600572       -21.943945305245705     
   7.1471471471471473        92.762667710954432       -22.042043405253061     
   7.1571571571571573        92.541535654345267       -22.140141505260416     
   7.1671671671671673        92.319421634773065       -22.238239605267772     
   7.1771771771771773        92.096325652237823       -22.336337705275128     
   7.1871871871871873        91.872247706739543       -22.434435805282483     
   7.1971971971971973        91.647187798278225       -22.532533905289839     
   7.2072072072072073        91.421145926853868       -22.630632005297194     
   7.2172172172172173        91.194122092466472       -22.728730105304550     
   7.2272272272272273        90.966116295116038       -22.826828205311905     
   7.2372372372372373        90.737128534802565       -22.924926305319261     
   7.2472472472472473        90.507158811526054       -23.023024405326616     
   7.2572572572572573        90.276207125286504       -23.121122505333972     
   7.2672672672672673        90.044273476083916       -23.219220605341327     
   7.2772772772772774        89.811357863918289       -23.317318705348683     
   7.2872872872872874        89.577460288789624       -23.415416805356038     
   7.2972972972972974        89.342580750697934       -23.513514905363394     
   7.3073073073073074        89.106719249643220       -23.611613005370749     
   7.3173173173173174        88.869875785625467       -23.709711105378105     
   7.3273273273273274        88.632050358644676       -23.807809205385460     
   7.3373373373373374        88.393242968700847       -23.905907305392816     
   7.3473473473473474        88.153453615793978       -24.004005405400171     
   7.3573573573573574        87.912682299924072       -24.102103505407527     
   7.3673673673673674        87.670929021091126       -24.200201605414883     
   7.3773773773773774        87.428193779295142       -24.298299705422238     
   7.3873873873873874        87.184476574536120       -24.396397805429594     
   7.3973973973973974        86.939777406814059       -24.494495905436949     
   7.4074074074074074        86.694096276128960       -24.592594005444305     
   7.4174174174174174        86.447433182480822       -24.690692105451660     
   7.4274274274274275        86.199788125869645       -24.788790205459016     
   7.4374374374374375        85.951161106295444       -24.886888305466371     
   7.4474474474474475        85.701552123758219       -24.984986405473727     
   7.4574574574574575        85.450961178257955       -25.083084505481082     
   7.4674674674674675        85.199388269794653       -25.181182605488438     
   7.4774774774774775        84.946833398368312       -25.279280705495793     
   7.4874874874874875        84.693296563978933       -25.377378805503149     
   7.4974974974974975        84.438777766626515       -25.475476905510504     
   7.5075075075075075        84.183277006311059       -25.573575005517860     
   7.5175175175175175        83.926794283032564       -25.671673105525215     
   7.5275275275275275        83.669329596791030       -25.769771205532571     
   7.5375375375375375        83.410882947586458       -25.867869305539926     
   7.5475475475475475        83.151454335418848       -25.965967405547282     
   7.5575575575575575        82.891043760288198       -26.064065505554638     
   7.5675675675675675        82.629651222194511       -26.162163605561993     
   7.5775775775775776        82.367276721137785       -26.260261705569349     
   7.5875875875875876        82.103920257118034       -26.358359805576704     
   7.5975975975975976        81.839581830135259       -26.456457905584060     
   7.6076076076076076        81.574261440189446       -26.554556005591415     
   7.6176176176176176        81.307959087280594       -26.652654105598771     
   7.6276276276276276        81.040674771408703       -26.750752205606126     
   7.6376376376376376        80.772408492573774       -26.848850305613482     
   7.6476476476476476        80.503160250775807       -26.946948405620837     
   7.6576576576576576        80.232930046014800       -27.045046505628193     
   7.6676676676676676        79.961717878290756       -27.143144605635548     
   7.6776776776776776        79.689523747603673       -27.241242705642904     
   7.6876876876876876        79.416347653953551       -27.339340805650259     
   7.6976976976976976        79.142189597340391       -27.437438905657615     
   7.7077077077077076        78.867049577764192       -27.535537005664970     
   7.7177177177177176        78.590927595224954       -27.633635105672326     
   7.7277277277277276        78.313823649722693       -27.731733205679681     
   7.7377377377377377        78.035737741257407       -27.829831305687037     
   7.7477477477477477        77.756669869829082       -27.927929405694393     
   7.7577577577577577        77.476620035437719       -28.026027505701748     
   7.7677677677677677        77.195588238083317       -28.124125605709104     
   7.7777777777777777        76.913574477765877       -28.222223705716459     
   7.7877877877877877        76.630578754485398       -28.320321805723815     
   7.7977977977977977        76.346601068241881       -28.418419905731170     
   7.8078078078078077        76.061641419035325       -28.516518005738526     
   7.8178178178178177        75.775699806865731       -28.614616105745881     
   7.8278278278278277        75.488776231733098       -28.712714205753237     
   7.8378378378378377        75.200870693637427       -28.810812305760592     
   7.8478478478478477        74.911983192578717       -28.908910405767948     
   7.8578578578578577        74.622113728556968       -29.007008505775303     
   7.8678678678678677        74.331262301572181       -29.105106605782659     
   7.8778778778778777        74.039428911624370       -29.203204705790014     
   7.8878878878878878        73.746613558713534       -29.301302805797370     
   7.8978978978978978        73.452816242839660       -29.399400905804725     
   7.9079079079079078        73.158036964002747       -29.497499005812081     
   7.9179179179179178        72.862275722202796       -29.595597105819436     
   7.9279279279279278        72.565532517439806       -29.693695205826792     
   7.9379379379379378        72.267807349713777       -29.791793305834148     
   7.9479479479479478        71.969100219024710       -29.889891405841503     
   7.9579579579579578        71.669411125372605       -29.987989505848859     
   7.9679679679679678        71.368740068757461       -30.086087605856214     
   7.9779779779779778        71.067087049179278       -30.184185705863570     
   7.9879879879879878        70.764452066638057       -30.282283805870925     
   7.9979979979979978        70.460835121133798       -30.380381905878281     
   8.0080080080080087        70.156236212666499       -30.478480005885636     
   8.0180180180180187        69.850655341236177       -30.576578105892992     
   8.0280280280280287        69.544092506842830       -30.674676205900347     
   8.0380380380380387        69.236547709486445       -30.772774305907703     
   8.0480480480480487        68.928020949167021       -30.870872405915058     
   8.0580580580580587        68.618512225884558       -30.968970505922414     
   8.0680680680680688        68.308021539639057       -31.067068605929769     
   8.0780780780780788        67.996548890430518       -31.165166705937125     
   8.0880880880880888        67.684094278258939       -31.263264805944480     
   8.0980980980980988        67.370657703124323       -31.361362905951836     
   8.1081081081081088        67.056239165026668       -31.459461005959191     
   8.1181181181181188        66.740838663965974       -31.557559105966547     
   8.1281281281281288        66.424456199942242       -31.655657205973903     
   8.1381381381381388        66.107091772955471       -31.753755305981258     
   8.1481481481481488        65.788745383005661       -31.851853405988614     
   8.1581581581581588        65.469417030092814       -31.949951505995969     
   8.1681681681681688        65.149106714216941       -32.048049606003325     
   8.1781781781781788        64.827814435378045       -32.146147706010687     
   8.1881881881881888        64.505540193576110       -32.244245806018050     
   8.1981981981981988        64.182283988811136       -32.342343906025413     
   8.2082082082082088        63.858045821083124       -32.440442006032775     
   8.2182182182182189        63.532825690392073       -32.538540106040138     
   8.2282282282282289        63.206623596737984       -32.636638206047500     
   8.2382382382382389        62.879439540120856       -32.734736306054863     
   8.2482482482482489        62.551273520540690       -32.832834406062226     
   8.2582582582582589        62.222125537997485       -32.930932506069588     
   8.2682682682682689        61.891995592491241       -33.029030606076951     
   8.2782782782782789        61.560883684021967       -33.127128706084314     
   8.2882882882882889        61.228789812589660       -33.225226806091676     
   8.2982982982982989        60.895713978194316       -33.323324906099039     
   8.3083083083083089        60.561656180835932       -33.421423006106401     
   8.3183183183183189        60.226616420514510       -33.519521106113764     
   8.3283283283283289        59.890594697230050       -33.617619206121127     
   8.3383383383383389        59.553591010982551       -33.715717306128489     
   8.3483483483483489        59.215605361772013       -33.813815406135852     
   8.3583583583583589        58.876637749598444       -33.911913506143215     
   8.3683683683683689        58.536688174461844       -34.010011606150577     
   8.3783783783783790        58.195756636362205       -34.108109706157940     
   8.3883883883883890        57.853843135299527       -34.206207806165303     
   8.3983983983983990        57.510947671273811       -34.304305906172665     
   8.4084084084084090        57.167070244285057       -34.402404006180028     
   8.4184184184184190        56.822210854333264       -34.500502106187390     
   8.4284284284284290        56.476369501418432       -34.598600206194753     
   8.4384384384384390        56.129546185540569       -34.696698306202116     
   8.4484484484484490        55.781740906699675       -34.794796406209478     
   8.4584584584584590        55.432953664895741       -34.892894506216841     
   8.4684684684684690        55.083184460128770       -34.990992606224204     
   8.4784784784784790        54.732433292398760       -35.089090706231566     
   8.4884884884884890        54.380700161705711       -35.187188806238929     
   8.4984984984984990        54.027985068049624       -35.285286906246291     
   8.5085085085085090        53.674288011430505       -35.383385006253654     
   8.5185185185185190        53.319608991848355       -35.481483106261017     
   8.5285285285285291        52.963948009303166       -35.579581206268379     
   8.5385385385385391        52.607305063794939       -35.677679306275742     
   8.5485485485485491        52.249680155323674       -35.775777406283105     
   8.5585585585585591        51.891073283889369       -35.873875506290467     
   8.5685685685685691        51.531484449492027       -35.971973606297830     
   8.5785785785785791        51.170913652131645       -36.070071706305193     
   8.5885885885885891        50.809360891808232       -36.168169806312555     
   8.5985985985985991        50.446826168521788       -36.266267906319918     
   8.6086086086086091        50.083309482272306       -36.364366006327280     
   8.6186186186186191        49.718810833059784       -36.462464106334643     
   8.6286286286286291        49.353330220884224       -36.560562206342006     
   8.6386386386386391        48.986867645745626       -36.658660306349368     
   8.6486486486486491        48.619423107643989       -36.756758406356731     
   8.6586586586586591        48.250996606579321       -36.854856506364094     
   8.6686686686686691        47.881588142551621       -36.952954606371456     
   8.6786786786786791        47.511197715560883       -37.051052706378819     
   8.6886886886886892        47.139825325607106       -37.149150806386182     
   8.6986986986986992        46.767470972690290       -37.247248906393544     
   8.7087087087087092        46.394134656810436       -37.345347006400907     
   8.7187187187187192        46.019816377967544       -37.443445106408269     
   8.7287287287287292        45.644516136161613       -37.541543206415632     
   8.7387387387387392        45.268233931392651       -37.639641306422995     
   8.7487487487487492        44.890969763660657       -37.737739406430357     
   8.7587587587587592        44.512723632965624       -37.835837506437720     
   8.7687687687687692        44.133495539307553       -37.933935606445083     
   8.7787787787787792        43.753285482686444       -38.032033706452445     
   8.7887887887887892        43.372093463102296       -38.130131806459808     
   8.7987987987987992        42.989919480555109       -38.228229906467170     
   8.8088088088088092        42.606763535044891       -38.326328006474533     
   8.8188188188188192        42.222625626571642       -38.424426106481896     
   8.8288288288288292        41.837505755135354       -38.522524206489258     
   8.8388388388388393        41.451403920736027       -38.620622306496621     
   8.8488488488488493        41.064320123373662       -38.718720406503984     
   8.8588588588588593        40.676254363048258       -38.816818506511346     
   8.8688688688688693        40.287206639759816       -38.914916606518709     
   8.8788788788788793        39.897176953508335       -39.013014706526072     
   8.8888888888888893        39.506165304293823       -39.111112806533434     
   8.8988988988988993        39.114171692116280       -39.209210906540797     
   8.9089089089089093        38.721196116975698       -39.307309006548159     
   8.9189189189189193        38.327238578872077       -39.405407106555522     
   8.9289289289289293        37.932299077805418       -39.503505206562885     
   8.9389389389389393        37.536377613775720       -39.601603306570247     
   8.9489489489489493        37.139474186782984       -39.699701406577610     
   8.9589589589589593        36.741588796827216       -39.797799506584973     
   8.9689689689689693        36.342721443908417       -39.895897606592335     
   8.9789789789789793        35.942872128026579       -39.993995706599698     
   8.9889889889889893        35.542040849181703       -40.092093806607060     
   8.9989989989989994        35.140227607373788       -40.190191906614423     
   9.0090090090090094        34.737432402602835       -40.288290006621786     
   9.0190190190190194        34.333655234868843       -40.386388106629148     
   9.0290290290290294        33.928896104171812       -40.484486206636511     
   9.0390390390390394        33.523155010511751       -40.582584306643874     
   9.0490490490490494        33.116431953888657       -40.680682406651236     
   9.0590590590590594        32.708726934302526       -40.778780506658599     
   9.0690690690690694        32.300039951753355       -40.876878606665962     
   9.0790790790790794        31.890371006241146       -40.974976706673324     
   9.0890890890890894        31.479720097765899       -41.073074806680687     
   9.0990990990990994        31.068087226327616       -41.171172906688049     
   9.1091091091091094        30.655472391926299       -41.269271006695412     
   9.1191191191191194        30.241875594561943       -41.367369106702775     
   9.1291291291291294        29.827296834234552       -41.465467206710137     
   9.1391391391391394        29.411736110944123       -41.563565306717500     
   9.1491491491491495        28.995193424690658       -41.661663406724863     
   9.1591591591591595        28.577668775474155       -41.759761506732225     
   9.1691691691691695        28.159162163294617       -41.857859606739588     
   9.1791791791791795        27.739673588152044       -41.955957706746950     
   9.1891891891891895        27.319203050046433       -42.054055806754313     
   9.1991991991991995        26.897750548977783       -42.152153906761676     
   9.2092092092092095        26.475316084946098       -42.250252006769038     
   9.2192192192192195        26.051899657951378       -42.348350106776401     
   9.2292292292292295        25.627501267993619       -42.446448206783764     
   9.2392392392392395        25.202120915072822       -42.544546306791126     
   9.2492492492492495        24.775758599188990       -42.642644406798489     
   9.2592592592592595        24.348414320342123       -42.740742506805852     
   9.2692692692692695        23.920088078532217       -42.838840606813214     
   9.2792792792792795        23.490779873759273       -42.936938706820577     
   9.2892892892892895        23.060489706023294       -43.035036806827939     
   9.2992992992992995        22.629217575324279       -43.133134906835302     
   9.3093093093093096        22.196963481662227       -43.231233006842665     
   9.3193193193193196        21.763727425037139       -43.329331106850027     
   9.3293293293293296        21.329509405449016       -43.427429206857390     
   9.3393393393393396        20.894309422897855       -43.525527306864753     
   9.3493493493493496        20.458127477383655       -43.623625406872115     
   9.3593593593593596        20.020963568906421       -43.721723506879478     
   9.3693693693693696        19.582817697466151       -43.819821606886840     
   9.3793793793793796        19.143689863062843       -43.917919706894203     
   9.3893893893893896        18.703580065696496       -44.016017806901566     
   9.3993993993993996        18.262488305367114       -44.114115906908928     
   9.4094094094094096        17.820414582074697       -44.212214006916291     
   9.4194194194194196        17.377358895819242       -44.310312106923654     
   9.4294294294294296        16.933321246600748       -44.408410206931016     
   9.4394394394394396        16.488301634419219       -44.506508306938379     
   9.4494494494494496        16.042300059274655       -44.604606406945742     
   9.4594594594594597        15.595316521167053       -44.702704506953104     
   9.4694694694694697        15.147351020096414       -44.800802606960467     
   9.4794794794794797        14.698403556062740       -44.898900706967829     
   9.4894894894894897        14.248474129066027       -44.996998806975192     
   9.4994994994994997        13.797562739106279       -45.095096906982555     
   9.5095095095095097        13.345669386183495       -45.193195006989917     
   9.5195195195195197        12.892794070297674       -45.291293106997280     
   9.5295295295295297        12.438936791448816       -45.389391207004643     
   9.5395395395395397        11.984097549636921       -45.487489307012005     
   9.5495495495495497        11.528276344861990       -45.585587407019368     
   9.5595595595595597        11.071473177124021       -45.683685507026730     
   9.5695695695695697        10.613688046423016       -45.781783607034093     
   9.5795795795795797        10.154920952758975       -45.879881707041456     
   9.5895895895895897        9.6951718961318960       -45.977979807048818     
   9.5995995995995997        9.2344408765417807       -46.076077907056181     
   9.6096096096096097        8.7727278939886286       -46.174176007063544     
   9.6196196196196198        8.3100329484724398       -46.272274107070906     
   9.6296296296296298        7.8463560399932151       -46.370372207078269     
   9.6396396396396398        7.3816971685509536       -46.468470307085632     
   9.6496496496496498        6.9160563341456553       -46.566568407092994     
   9.6596596596596598        6.4494335367773203       -46.664666507100357     
   9.6696696696696698        5.9818287764459486       -46.762764607107719     
   9.6796796796796798        5.5132420531515400       -46.860862707115082     
   9.6896896896896898        5.0436733668940947       -46.958960807122445     
   9.6996996996996998        4.5731227176736127       -47.057058907129807     
   9.7097097097097098        4.1015901054900938       -47.155157007137170     
   9.7197197197197198        3.6290755303435391       -47.253255107144533     
   9.7297297297297298        3.1555789922339477       -47.351353207151895     
   9.7397397397397398        2.6811004911613194       -47.449451307159258     
   9.7497497497497498        2.2056400271256544       -47.547549407166620     
   9.7597597597597598        1.7291976001269527       -47.645647507173983     
   9.7697697697697699        1.2517732101652144       -47.743745607181346     
   9.7797797797797799       0.77336685724043952       -47.841843707188708     
   9.7897897897897899       0.29397854135262780       -47.939941807196071     
   9.7997997997997999      -0.18639173749822055       -48.038039907203434     
   9.8098098098098099      -0.66774397931210561       -48.136138007210796     
   9.8198198198198199       -1.1500781840890273       -48.234236107218159     
   9.8298298298298299       -1.6333943518289855       -48.332334207225522     
   9.8398398398398399       -2.1176924825319805       -48.430432307232884     
   9.8498498498498499       -2.6029725761980123       -48.528530407240247     
   9.8598598598598599       -3.0892346328270808       -48.626628507247609     
   9.8698698698698699       -3.5764786524191861       -48.724726607254972     
   9.8798798798798799       -4.0647046349743281       -48.822824707262335     
   9.8898898898898899       -4.5539125804925069       -48.920922807269697     
   9.8998998998998999       -5.0441024889737225       -49.019020907277060     
   9.9099099099099099       -5.5352743604179748       -49.117119007284423     
   9.9199199199199199       -6.0274281948252639       -49.215217107291785     
   9.9299299299299300       -6.5205639921955889       -49.313315207299148     
   9.9399399399399400       -7.0146817525289498       -49.411413307306510     
   9.9499499499499500       -7.5097814758253474       -49.509511407313873     
   9.9599599599599600       -8.0058631620847827       -49.607609507321236     
   9.9699699699699700       -8.5029268113072547       -49.705707607328598     
   9.9799799799799800       -9.0009724234927635       -49.803805707335961     
   9.9899899899899900       -9.4999999986413091       -49.901903807343324     
   10.000000000000000       -10.000009536752891       -50.000001907350686     
